59
ARS.1.1_0   0.0000000 0.0298340 0.0285890 0.0559180 0.0527793 0.0555558 0.0460264 0.0463356 0.0506296 0.0416539 0.0371268 0.0398421 0.4968455 0.4943999 0.4956188 0.3685453 0.0685701 0.0660403 0.4901842 0.4900103 0.4961832 0.0548948 0.0572369 0.0544493 0.5025158 0.4903663 0.4883409 0.4872416 0.4885020 0.4874898 0.4845726 0.0369275 0.0335350 0.0537885 0.0543755 0.0534154 0.2615715 0.2625737 0.4879112 0.4900725 0.0552365 0.0564329 0.0561679 0.0568625 0.0558743 0.3145298 0.0616824 0.0537137 0.0555714 0.0529163 0.4950012 0.5050311 0.5004594 0.3846972 0.0365533 0.0355393 0.0357867 0.5101571 1.2224493 
ARS2.1_0    0.0298340 0.0000000 0.0301450 0.0530867 0.0520275 0.0538970 0.0480732 0.0467547 0.0512733 0.0418140 0.0387717 0.0372146 0.4966188 0.4951129 0.4951763 0.3683825 0.0667326 0.0638612 0.4896541 0.4893231 0.4965871 0.0536740 0.0561864 0.0538667 0.5021939 0.4907903 0.4884041 0.4875786 0.4882639 0.4874094 0.4845264 0.0349684 0.0321733 0.0533042 0.0537184 0.0531862 0.2610789 0.2623434 0.4879174 0.4896834 0.0530400 0.0544391 0.0531982 0.0544259 0.0526218 0.3136257 0.0592618 0.0529638 0.0554406 0.0534805 0.4945403 0.5058468 0.5003200 0.3838272 0.0325819 0.0339837 0.0369687 0.5098673 1.2248211 
ARS3.1_0    0.0285890 0.0301450 0.0000000 0.0546091 0.0523348 0.0527439 0.0463637 0.0465310 0.0494307 0.0411370 0.0373059 0.0396158 0.4958921 0.4943583 0.4947677 0.3667749 0.0669550 0.0638084 0.4898040 0.4897972 0.4960044 0.0532599 0.0537241 0.0532371 0.5006252 0.4904929 0.4878715 0.4868345 0.4879659 0.4868369 0.4841233 0.0356220 0.0327377 0.0521482 0.0538469 0.0529179 0.2609337 0.2623114 0.4871758 0.4892589 0.0542955 0.0541876 0.0544089 0.0543139 0.0521665 0.3124897 0.0591270 0.0519358 0.0534313 0.0524796 0.4945874 0.5044121 0.4993713 0.3817229 0.0353898 0.0348589 0.0380859 0.5091362 1.2169606 
CAR-C27.1_0 0.0559180 0.0530867 0.0546091 0.0000000 0.0225940 0.0246339 0.0600661 0.0605712 0.0428248 0.0575982 0.0581346 0.0593330 0.4894751 0.4887962 0.4892757 0.3613423 0.0643494 0.0617628 0.4842001 0.4842108 0.4905756 0.0264834 0.0275191 0.0252936 0.4973447 0.4843839 0.4821294 0.4811186 0.4820778 0.4812854 0.4780037 0.0536404 0.0536413 0.0272845 0.0288276 0.0279853 0.2574152 0.2588258 0.4816063 0.4837531 0.0237760 0.0257622 0.0252362 0.0234262 0.0242085 0.3052881 0.0560722 0.0233282 0.0251472 0.0238503 0.4880081 0.4995140 0.4953054 0.3779875 0.0537357 0.0530048 0.0513679 0.5036560 1.2005489 
CAR-C4.1_0  0.0527793 0.0520275 0.0523348 0.0225940 0.0000000 0.0240007 0.0582050 0.0592896 0.0426799 0.0565111 0.0572228 0.0574162 0.4878405 0.4870143 0.4876216 0.3609283 0.0644906 0.0615800 0.4823886 0.4825668 0.4891836 0.0268420 0.0297504 0.0258532 0.4943183 0.4825443 0.4804146 0.4794383 0.4802628 0.4798413 0.4763131 0.0523585 0.0512926 0.0274995 0.0279882 0.0270168 0.2559607 0.2574919 0.4796233 0.4819339 0.0244845 0.0261881 0.0249152 0.0251985 0.0252144 0.3045115 0.0569676 0.0227208 0.0256216 0.0251145 0.4866052 0.4967599 0.4928262 0.3770925 0.0524668 0.0513826 0.0500220 0.5011308 1.1992053 
CARC3.1_0   0.0555558 0.0538970 0.0527439 0.0246339 0.0240007 0.0000000 0.0584415 0.0595708 0.0422750 0.0576132 0.0591047 0.0594277 0.4925602 0.4923959 0.4920894 0.3643199 0.0642495 0.0617909 0.4871064 0.4873098 0.4940074 0.0271235 0.0285369 0.0279939 0.4987804 0.4868008 0.4848622 0.4843166 0.4854000 0.4844875 0.4807177 0.0525020 0.0531508 0.0291927 0.0283647 0.0287290 0.2589704 0.2602888 0.4843442 0.4869785 0.0253676 0.0249232 0.0244321 0.0266947 0.0240539 0.3076570 0.0574726 0.0250815 0.0275376 0.0264604 0.4914443 0.5010336 0.4964867 0.3792541 0.0538689 0.0534826 0.0519772 0.5056037 1.2067206 
CED1.1_0    0.0460264 0.0480732 0.0463637 0.0600661 0.0582050 0.0584415 0.0000000 0.0134241 0.0350626 0.0440081 0.0429781 0.0422121 0.5007904 0.4999375 0.5010916 0.3700857 0.0677016 0.0674497 0.4949342 0.4959391 0.5017967 0.0588868 0.0605426 0.0589258 0.5059190 0.4959806 0.4937794 0.4927054 0.4941975 0.4928121 0.4903475 0.0440203 0.0459164 0.0604298 0.0583938 0.0606027 0.2654352 0.2669160 0.4933695 0.4954277 0.0589605 0.0591792 0.0599300 0.0592213 0.0587882 0.3165789 0.0630548 0.0580235 0.0608336 0.0578983 0.5002692 0.5092502 0.5033259 0.3866999 0.0469993 0.0475841 0.0471124 0.5133285 1.2299199 
CED2.1_0    0.0463356 0.0467547 0.0465310 0.0605712 0.0592896 0.0595708 0.0134241 0.0000000 0.0330012 0.0439469 0.0432874 0.0420470 0.4996577 0.4996579 0.5000521 0.3697792 0.0668613 0.0666336 0.4938583 0.4944727 0.5003595 0.0604824 0.0620651 0.0601772 0.5067240 0.4957952 0.4923757 0.4914637 0.4931216 0.4913978 0.4890902 0.0444026 0.0455879 0.0619524 0.0601666 0.0611445 0.2647506 0.2659608 0.4929874 0.4941620 0.0597797 0.0598835 0.0606116 0.0597401 0.0586699 0.3155063 0.0634589 0.0597869 0.0623081 0.0597602 0.4987260 0.5098446 0.5033755 0.3860289 0.0464348 0.0457177 0.0474931 0.5143192 1.2291901 
CED3.1_0    0.0506296 0.0512733 0.0494307 0.0428248 0.0426799 0.0422750 0.0350626 0.0330012 0.0000000 0.0515912 0.0509493 0.0500255 0.4940654 0.4937135 0.4949517 0.3642994 0.0637680 0.0633234 0.4879641 0.4891624 0.4950608 0.0414715 0.0428663 0.0397818 0.4987242 0.4890220 0.4866026 0.4854191 0.4871324 0.4859626 0.4830702 0.0475213 0.0477804 0.0403859 0.0390326 0.0394888 0.2597105 0.2607511 0.4867612 0.4887066 0.0413280 0.0442617 0.0429834 0.0422702 0.0420107 0.3099176 0.0584984 0.0380269 0.0408440 0.0392834 0.4931425 0.5024307 0.4969227 0.3806833 0.0509800 0.0499203 0.0504355 0.5056266 1.2128823 
CUY.2.1_0   0.0416539 0.0418140 0.0411370 0.0575982 0.0565111 0.0576132 0.0440081 0.0439469 0.0515912 0.0000000 0.0356054 0.0315332 0.4985543 0.4957791 0.4965941 0.3678121 0.0676992 0.0660412 0.4911661 0.4912694 0.4978309 0.0578748 0.0586968 0.0576343 0.5044887 0.4921752 0.4897827 0.4896494 0.4903107 0.4892337 0.4861193 0.0430011 0.0415774 0.0578048 0.0575984 0.0572825 0.2621072 0.2629982 0.4900265 0.4917995 0.0580065 0.0569438 0.0584368 0.0585172 0.0567198 0.3128275 0.0626954 0.0571568 0.0591255 0.0572207 0.4961667 0.5071009 0.5023198 0.3826470 0.0403370 0.0411764 0.0431553 0.5116558 1.2210640 
CUY1.1_0    0.0371268 0.0387717 0.0373059 0.0581346 0.0572228 0.0591047 0.0429781 0.0432874 0.0509493 0.0356054 0.0000000 0.0315631 0.5012511 0.4996202 0.5004054 0.3695546 0.0696326 0.0661746 0.4946215 0.4947253 0.5011107 0.0579937 0.0593600 0.0578747 0.5054193 0.4954814 0.4928668 0.4918454 0.4930548 0.4917503 0.4890013 0.0390679 0.0369784 0.0580339 0.0584267 0.0578334 0.2634110 0.2645402 0.4919806 0.4944354 0.0593929 0.0597456 0.0596481 0.0592252 0.0577470 0.3151779 0.0621402 0.0577331 0.0596354 0.0578607 0.4995600 0.5086201 0.5033916 0.3856918 0.0378704 0.0392940 0.0394158 0.5131697 1.2266659 
CUY3.1_0    0.0398421 0.0372146 0.0396158 0.0593330 0.0574162 0.0594277 0.0422121 0.0420470 0.0500255 0.0315332 0.0315631 0.0000000 0.4990909 0.4977870 0.4979412 0.3688196 0.0675876 0.0650579 0.4920024 0.4922683 0.4992799 0.0599671 0.0610076 0.0589663 0.5048180 0.4932258 0.4910741 0.4896369 0.4912130 0.4903557 0.4875979 0.0398438 0.0377227 0.0597858 0.0595688 0.0591765 0.2629461 0.2637659 0.4907549 0.4925398 0.0602299 0.0611483 0.0605543 0.0602628 0.0585697 0.3142633 0.0621845 0.0581032 0.0605310 0.0586365 0.4974408 0.5074514 0.5023811 0.3845517 0.0371047 0.0381691 0.0404529 0.5120104 1.2257392 
Car-L1.1_0  0.4968455 0.4966188 0.4958921 0.4894751 0.4878405 0.4925602 0.5007904 0.4996577 0.4940654 0.4985543 0.5012511 0.4990909 0.0000000 0.0190956 0.0207459 0.6074661 0.4954533 0.4890992 0.0199598 0.0197690 0.0194439 0.4938209 0.4936934 0.4918585 0.1817471 0.0218649 0.0214550 0.0196773 0.0222756 0.0216075 0.0242961 0.4906907 0.4928429 0.4870002 0.4893622 0.4919519 0.5252152 0.5416572 0.0241337 0.0232901 0.4933729 0.4925926 0.4925533 0.4882129 0.4903738 0.6198530 0.4899285 0.4894028 0.4897172 0.4889834 0.0188057 0.1811617 0.1810115 0.6011071 0.4934549 0.4935540 0.4910987 0.1857942 1.1739129 
Car-L10.1_0 0.4943999 0.4951129 0.4943583 0.4887962 0.4870143 0.4923959 0.4999375 0.4996579 0.4937135 0.4957791 0.4996202 0.4977870 0.0190956 0.0000000 0.0196899 0.6075504 0.4945567 0.4881789 0.0218405 0.0208173 0.0185194 0.4933999 0.4935492 0.4909777 0.1789872 0.0218946 0.0225827 0.0218189 0.0210902 0.0215379 0.0240778 0.4898954 0.4925137 0.4864195 0.4890346 0.4914562 0.5256145 0.5416864 0.0220541 0.0220164 0.4929096 0.4922861 0.4921452 0.4879230 0.4900005 0.6192907 0.4884196 0.4888053 0.4885128 0.4882278 0.0206966 0.1797087 0.1807926 0.6016103 0.4926755 0.4938737 0.4900981 0.1848523 1.1754038 
Car-L8.1b_0 0.4956188 0.4951763 0.4947677 0.4892757 0.4876216 0.4920894 0.5010916 0.5000521 0.4949517 0.4965941 0.5004054 0.4979412 0.0207459 0.0196899 0.0000000 0.6061355 0.4951111 0.4882877 0.0220416 0.0209193 0.0221563 0.4936639 0.4934367 0.4916983 0.1788206 0.0261555 0.0259688 0.0239965 0.0231591 0.0237381 0.0273031 0.4905202 0.4928660 0.4871779 0.4893286 0.4917230 0.5238733 0.5404547 0.0258627 0.0264455 0.4934358 0.4927969 0.4923306 0.4878953 0.4898222 0.6190546 0.4894831 0.4890542 0.4892939 0.4890419 0.0211310 0.1780037 0.1795080 0.5998731 0.4932750 0.4937303 0.4905187 0.1842346 1.1703811 
E697_0      0.3685453 0.3683825 0.3667749 0.3613423 0.3609283 0.3643199 0.3700857 0.3697792 0.3642994 0.3678121 0.3695546 0.3688196 0.6074661 0.6075504 0.6061355 0.0000000 0.3643607 0.3590610 0.6004769 0.6020046 0.6080959 0.3656793 0.3654346 0.3641849 0.6216019 0.5991235 0.5990511 0.5967608 0.5996511 0.5989889 0.5936139 0.3639127 0.3648795 0.3608713 0.3631304 0.3645031 0.3574211 0.3576203 0.5978881 0.5999561 0.3653767 0.3658883 0.3658121 0.3608005 0.3613455 0.0650192 0.3615555 0.3617372 0.3619676 0.3616738 0.6063790 0.6246912 0.6169797 0.2526353 0.3648114 0.3647444 0.3627376 0.6268697 1.5139268 
GRM4.1_0    0.0685701 0.0667326 0.0669550 0.0643494 0.0644906 0.0642495 0.0677016 0.0668613 0.0637680 0.0676992 0.0696326 0.0675876 0.4954533 0.4945567 0.4951111 0.3643607 0.0000000 0.0193780 0.4893036 0.4896860 0.4959073 0.0648117 0.0661267 0.0644321 0.4993535 0.4889702 0.4871089 0.4861856 0.4878396 0.4867990 0.4834375 0.0662569 0.0646583 0.0650799 0.0640739 0.0651904 0.2586086 0.2601674 0.4868859 0.4887509 0.0657419 0.0653429 0.0656872 0.0648789 0.0631718 0.3116398 0.0320014 0.0632663 0.0656252 0.0640501 0.4938428 0.5045353 0.4993695 0.3824385 0.0660800 0.0660472 0.0668565 0.5089834 1.2179221 
GRM5.1_0    0.0660403 0.0638612 0.0638084 0.0617628 0.0615800 0.0617909 0.0674497 0.0666336 0.0633234 0.0660412 0.0661746 0.0650579 0.4890992 0.4881789 0.4882877 0.3590610 0.0193780 0.0000000 0.4838027 0.4841756 0.4894870 0.0624527 0.0637557 0.0614166 0.4927172 0.4826495 0.4808525 0.4802710 0.4813739 0.4803416 0.4768846 0.0637857 0.0625549 0.0621795 0.0620872 0.0621921 0.2549383 0.2554748 0.4806528 0.4824992 0.0636508 0.0629106 0.0631245 0.0617060 0.0603832 0.3057496 0.0341493 0.0607117 0.0627138 0.0611694 0.4877394 0.4978642 0.4925774 0.3766993 0.0632563 0.0637368 0.0636787 0.5014633 1.2040789 
HST1.1_0    0.4901842 0.4896541 0.4898040 0.4842001 0.4823886 0.4871064 0.4949342 0.4938583 0.4879641 0.4911661 0.4946215 0.4920024 0.0199598 0.0218405 0.0220416 0.6004769 0.4893036 0.4838027 0.0000000 0.0050311 0.0223386 0.4881141 0.4879369 0.4864016 0.1765015 0.0222626 0.0222284 0.0202294 0.0225856 0.0223003 0.0237718 0.4853700 0.4869488 0.4820196 0.4841748 0.4870846 0.5209520 0.5368281 0.0238653 0.0227920 0.4876894 0.4873052 0.4869447 0.4828868 0.4842813 0.6131378 0.4839542 0.4836687 0.4843300 0.4832305 0.0191155 0.1762944 0.1764230 0.5945559 0.4874763 0.4876487 0.4849700 0.1810207 1.1675005 
HST2.1_0    0.4900103 0.4893231 0.4897972 0.4842108 0.4825668 0.4873098 0.4959391 0.4944727 0.4891624 0.4912694 0.4947253 0.4922683 0.0197690 0.0208173 0.0209193 0.6020046 0.4896860 0.4841756 0.0050311 0.0000000 0.0219720 0.4883793 0.4884083 0.4868727 0.1774649 0.0220485 0.0220878 0.0202530 0.0220885 0.0216702 0.0231101 0.4862018 0.4871021 0.4822049 0.4844985 0.4868612 0.5212828 0.5371857 0.0231520 0.0224069 0.4880403 0.4875084 0.4873422 0.4832371 0.4846761 0.6134623 0.4839862 0.4839340 0.4840994 0.4834340 0.0182528 0.1768067 0.1782011 0.5950746 0.4871798 0.4880536 0.4857748 0.1833675 1.1694966 
Holly_0     0.4961832 0.4965871 0.4960044 0.4905756 0.4891836 0.4940074 0.5017967 0.5003595 0.4950608 0.4978309 0.5011107 0.4992799 0.0194439 0.0185194 0.0221563 0.6080959 0.4959073 0.4894870 0.0223386 0.0219720 0.0000000 0.4952239 0.4949959 0.4927996 0.1831367 0.0217052 0.0212788 0.0209713 0.0230006 0.0217026 0.0235093 0.4914630 0.4936854 0.4883437 0.4908243 0.4931794 0.5251839 0.5409001 0.0235701 0.0221097 0.4945918 0.4943763 0.4939911 0.4897599 0.4920201 0.6211491 0.4898884 0.4907720 0.4905889 0.4900612 0.0215240 0.1812489 0.1824089 0.6004418 0.4937884 0.4952812 0.4922057 0.1867446 1.1806302 
IND2.1_0    0.0548948 0.0536740 0.0532599 0.0264834 0.0268420 0.0271235 0.0588868 0.0604824 0.0414715 0.0578748 0.0579937 0.0599671 0.4938209 0.4933999 0.4936639 0.3656793 0.0648117 0.0624527 0.4881141 0.4883793 0.4952239 0.0000000 0.0133004 0.0126938 0.4997820 0.4886228 0.4866070 0.4854711 0.4867314 0.4858514 0.4827422 0.0527147 0.0546906 0.0271377 0.0242639 0.0258710 0.2599904 0.2615139 0.4860668 0.4882598 0.0276149 0.0279484 0.0279227 0.0272361 0.0268718 0.3092784 0.0560764 0.0217394 0.0226793 0.0221304 0.4928028 0.5030066 0.4986005 0.3815879 0.0543552 0.0529478 0.0513286 0.5067597 1.2088954 
IND5.1_0    0.0572369 0.0561864 0.0537241 0.0275191 0.0297504 0.0285369 0.0605426 0.0620651 0.0428663 0.0586968 0.0593600 0.0610076 0.4936934 0.4935492 0.4934367 0.3654346 0.0661267 0.0637557 0.4879369 0.4884083 0.4949959 0.0133004 0.0000000 0.0140963 0.4983582 0.4881159 0.4863819 0.4851230 0.4865375 0.4857385 0.4821044 0.0543599 0.0564190 0.0230210 0.0238545 0.0255016 0.2597457 0.2612694 0.4857167 0.4881646 0.0296462 0.0287256 0.0285417 0.0262598 0.0283976 0.3096515 0.0571757 0.0231183 0.0220288 0.0241876 0.4926754 0.5013966 0.4970041 0.3815100 0.0556874 0.0547036 0.0540162 0.5055840 1.2075285 
IND6.1_0    0.0544493 0.0538667 0.0532371 0.0252936 0.0258532 0.0279939 0.0589258 0.0601772 0.0397818 0.0576343 0.0578747 0.0589663 0.4918585 0.4909777 0.4916983 0.3641849 0.0644321 0.0614166 0.4864016 0.4868727 0.4927996 0.0126938 0.0140963 0.0000000 0.4974035 0.4866128 0.4846510 0.4835734 0.4845911 0.4838777 0.4803241 0.0532384 0.0540281 0.0238228 0.0214771 0.0231644 0.2588301 0.2602329 0.4839742 0.4862890 0.0259082 0.0272833 0.0255204 0.0254310 0.0272497 0.3081570 0.0559024 0.0192341 0.0211108 0.0204659 0.4906377 0.5006524 0.4961354 0.3795795 0.0539501 0.0518900 0.0507427 0.5041681 1.2054302 
IOM3.1.1_0  0.5025158 0.5021939 0.5006252 0.4973447 0.4943183 0.4987804 0.5059190 0.5067240 0.4987242 0.5044887 0.5054193 0.5048180 0.1817471 0.1789872 0.1788206 0.6216019 0.4993535 0.4927172 0.1765015 0.1774649 0.1831367 0.4997820 0.4983582 0.4974035 0.0000000 0.1745726 0.1748845 0.1741522 0.1745176 0.1748456 0.1704711 0.4976917 0.5001398 0.4927523 0.4960477 0.4985410 0.5429711 0.5595591 0.1729445 0.1748239 0.4988303 0.4983170 0.4977222 0.4937927 0.4963079 0.6263531 0.4945979 0.4954332 0.4954860 0.4951082 0.1801862 0.0525982 0.0515512 0.6259001 0.4994935 0.5000997 0.4963798 0.0535991 1.1876242 
JAC1.1_0    0.4903663 0.4907903 0.4904929 0.4843839 0.4825443 0.4868008 0.4959806 0.4957952 0.4890220 0.4921752 0.4954814 0.4932258 0.0218649 0.0218946 0.0261555 0.5991235 0.4889702 0.4826495 0.0222626 0.0220485 0.0217052 0.4886228 0.4881159 0.4866128 0.1745726 0.0000000 0.0096886 0.0077003 0.0125329 0.0130899 0.0119906 0.4860975 0.4874123 0.4817215 0.4843419 0.4867616 0.5171185 0.5335568 0.0119421 0.0090585 0.4883565 0.4878696 0.4873081 0.4831839 0.4852114 0.6131725 0.4834365 0.4837852 0.4843782 0.4834336 0.0219780 0.1742153 0.1763464 0.5939269 0.4880217 0.4896227 0.4870205 0.1802291 1.1654793 
JAC2.1_0    0.4883409 0.4884041 0.4878715 0.4821294 0.4804146 0.4848622 0.4937794 0.4923757 0.4866026 0.4897827 0.4928668 0.4910741 0.0214550 0.0225827 0.0259688 0.5990511 0.4871089 0.4808525 0.0222284 0.0220878 0.0212788 0.4866070 0.4863819 0.4846510 0.1748845 0.0096886 0.0000000 0.0103454 0.0122285 0.0123338 0.0114752 0.4839195 0.4853427 0.4800257 0.4822245 0.4843174 0.5170053 0.5326602 0.0127200 0.0108743 0.4859398 0.4856347 0.4854443 0.4813213 0.4833191 0.6112019 0.4811801 0.4820749 0.4818312 0.4815029 0.0230390 0.1742983 0.1751595 0.5916584 0.4857475 0.4870484 0.4844436 0.1799413 1.1620272 
JAC4.1_0    0.4872416 0.4875786 0.4868345 0.4811186 0.4794383 0.4843166 0.4927054 0.4914637 0.4854191 0.4896494 0.4918454 0.4896369 0.0196773 0.0218189 0.0239965 0.5967608 0.4861856 0.4802710 0.0202294 0.0202530 0.0209713 0.4854711 0.4851230 0.4835734 0.1741522 0.0077003 0.0103454 0.0000000 0.0108921 0.0113643 0.0137165 0.4821204 0.4836501 0.4792109 0.4815002 0.4834221 0.5148915 0.5306549 0.0129661 0.0117168 0.4852335 0.4848393 0.4843475 0.4799110 0.4821565 0.6101110 0.4806757 0.4809632 0.4808295 0.4806751 0.0217557 0.1734628 0.1737743 0.5898835 0.4844332 0.4859522 0.4829402 0.1783149 1.1613039 
LH217.1_0   0.4885020 0.4882639 0.4879659 0.4820778 0.4802628 0.4854000 0.4941975 0.4931216 0.4871324 0.4903107 0.4930548 0.4912130 0.0222756 0.0210902 0.0231591 0.5996511 0.4878396 0.4813739 0.0225856 0.0220885 0.0230006 0.4867314 0.4865375 0.4845911 0.1745176 0.0125329 0.0122285 0.0108921 0.0000000 0.0058862 0.0115348 0.4841665 0.4853187 0.4798549 0.4825423 0.4847607 0.5179351 0.5341507 0.0099962 0.0086641 0.4860305 0.4856323 0.4852638 0.4812461 0.4831139 0.6126416 0.4821765 0.4820710 0.4816615 0.4813797 0.0240514 0.1737689 0.1754002 0.5927854 0.4864145 0.4870417 0.4851323 0.1796567 1.1629155 
LH223.1_0   0.4874898 0.4874094 0.4868369 0.4812854 0.4798413 0.4844875 0.4928121 0.4913978 0.4859626 0.4892337 0.4917503 0.4903557 0.0216075 0.0215379 0.0237381 0.5989889 0.4867990 0.4803416 0.0223003 0.0216702 0.0217026 0.4858514 0.4857385 0.4838777 0.1748456 0.0130899 0.0123338 0.0113643 0.0058862 0.0000000 0.0125297 0.4827081 0.4846303 0.4790334 0.4817176 0.4839337 0.5171732 0.5340204 0.0103891 0.0090580 0.4855308 0.4849951 0.4846688 0.4805358 0.4824193 0.6115979 0.4811871 0.4812469 0.4812036 0.4806649 0.0238987 0.1735077 0.1739302 0.5926182 0.4853099 0.4867054 0.4833252 0.1786302 1.1615372 
LH266.1_0   0.4845726 0.4845264 0.4841233 0.4780037 0.4763131 0.4807177 0.4903475 0.4890902 0.4830702 0.4861193 0.4890013 0.4875979 0.0242961 0.0240778 0.0273031 0.5936139 0.4834375 0.4768846 0.0237718 0.0231101 0.0235093 0.4827422 0.4821044 0.4803241 0.1704711 0.0119906 0.0114752 0.0137165 0.0115348 0.0125297 0.0000000 0.4806916 0.4812449 0.4755238 0.4779884 0.4801552 0.5128540 0.5282935 0.0130833 0.0112072 0.4814144 0.4812598 0.4805820 0.4771755 0.4789672 0.6057208 0.4773589 0.4775923 0.4778241 0.4772819 0.0236017 0.1699438 0.1706839 0.5870824 0.4818701 0.4834269 0.4813389 0.1756071 1.1520497 
MNZ1.1_0    0.0369275 0.0349684 0.0356220 0.0536404 0.0523585 0.0525020 0.0440203 0.0444026 0.0475213 0.0430011 0.0390679 0.0398438 0.4906907 0.4898954 0.4905202 0.3639127 0.0662569 0.0637857 0.4853700 0.4862018 0.4914630 0.0527147 0.0543599 0.0532384 0.4976917 0.4860975 0.4839195 0.4821204 0.4841665 0.4827081 0.4806916 0.0000000 0.0345497 0.0527728 0.0532708 0.0521969 0.2587461 0.2600968 0.4839768 0.4855940 0.0525416 0.0522158 0.0532186 0.0535844 0.0510164 0.3109327 0.0584274 0.0532684 0.0544993 0.0526080 0.4899358 0.5007697 0.4954575 0.3801059 0.0361886 0.0354993 0.0364809 0.5042115 1.2130812 
MNZ2.1_0    0.0335350 0.0321733 0.0327377 0.0536413 0.0512926 0.0531508 0.0459164 0.0455879 0.0477804 0.0415774 0.0369784 0.0377227 0.4928429 0.4925137 0.4928660 0.3648795 0.0646583 0.0625549 0.4869488 0.4871021 0.4936854 0.0546906 0.0564190 0.0540281 0.5001398 0.4874123 0.4853427 0.4836501 0.4853187 0.4846303 0.4812449 0.0345497 0.0000000 0.0537272 0.0536798 0.0531695 0.2588019 0.2601675 0.4853283 0.4863206 0.0539459 0.0554458 0.0554082 0.0545392 0.0525331 0.3100726 0.0582666 0.0532279 0.0550587 0.0533631 0.4914848 0.5030704 0.4985323 0.3809511 0.0338224 0.0327798 0.0370476 0.5079825 1.2177488 
ONC1.1_0    0.0537885 0.0533042 0.0521482 0.0272845 0.0274995 0.0291927 0.0604298 0.0619524 0.0403859 0.0578048 0.0580339 0.0597858 0.4870002 0.4864195 0.4871779 0.3608713 0.0650799 0.0621795 0.4820196 0.4822049 0.4883437 0.0271377 0.0230210 0.0238228 0.4927523 0.4817215 0.4800257 0.4792109 0.4798549 0.4790334 0.4755238 0.0527728 0.0537272 0.0000000 0.0213267 0.0201222 0.2555228 0.2571521 0.4791332 0.4816735 0.0285720 0.0289767 0.0265542 0.0260621 0.0300514 0.3053648 0.0565186 0.0227607 0.0234521 0.0243574 0.4856429 0.4956128 0.4912680 0.3766629 0.0543985 0.0542526 0.0518248 0.5001322 1.1973702 
ONC2.1_0    0.0543755 0.0537184 0.0538469 0.0288276 0.0279882 0.0283647 0.0583938 0.0601666 0.0390326 0.0575984 0.0584267 0.0595688 0.4893622 0.4890346 0.4893286 0.3631304 0.0640739 0.0620872 0.4841748 0.4844985 0.4908243 0.0242639 0.0238545 0.0214771 0.4960477 0.4843419 0.4822245 0.4815002 0.4825423 0.4817176 0.4779884 0.0532708 0.0536798 0.0213267 0.0000000 0.0202695 0.2582682 0.2600058 0.4820933 0.4841464 0.0279442 0.0294782 0.0281189 0.0293492 0.0317833 0.3080996 0.0551366 0.0223963 0.0247798 0.0233041 0.4882983 0.4995547 0.4946792 0.3792098 0.0549928 0.0535600 0.0520272 0.5032524 1.2036160 
ONC3.1_0    0.0534154 0.0531862 0.0529179 0.0279853 0.0270168 0.0287290 0.0606027 0.0611445 0.0394888 0.0572825 0.0578334 0.0591765 0.4919519 0.4914562 0.4917230 0.3645031 0.0651904 0.0621921 0.4870846 0.4868612 0.4931794 0.0258710 0.0255016 0.0231644 0.4985410 0.4867616 0.4843174 0.4834221 0.4847607 0.4839337 0.4801552 0.0521969 0.0531695 0.0201222 0.0202695 0.0000000 0.2591396 0.2602347 0.4841813 0.4862606 0.0299597 0.0306418 0.0289881 0.0293435 0.0317575 0.3085290 0.0575056 0.0236666 0.0257156 0.0257908 0.4907317 0.5014005 0.4968214 0.3809794 0.0544628 0.0531387 0.0509302 0.5055374 1.2064284 
PAR1366_0   0.2615715 0.2610789 0.2609337 0.2574152 0.2559607 0.2589704 0.2654352 0.2647506 0.2597105 0.2621072 0.2634110 0.2629461 0.5252152 0.5256145 0.5238733 0.3574211 0.2586086 0.2549383 0.5209520 0.5212828 0.5251839 0.2599904 0.2597457 0.2588301 0.5429711 0.5171185 0.5170053 0.5148915 0.5179351 0.5171732 0.5128540 0.2587461 0.2588019 0.2555228 0.2582682 0.2591396 0.0000000 0.0249665 0.5170461 0.5182159 0.2598021 0.2594298 0.2592687 0.2544761 0.2566454 0.3464615 0.2560406 0.2567914 0.2566323 0.2567835 0.5246773 0.5450526 0.5384867 0.3703962 0.2590531 0.2600681 0.2580641 0.5478140 1.3428836 
PAR1490_0   0.2625737 0.2623434 0.2623114 0.2588258 0.2574919 0.2602888 0.2669160 0.2659608 0.2607511 0.2629982 0.2645402 0.2637659 0.5416572 0.5416864 0.5404547 0.3576203 0.2601674 0.2554748 0.5368281 0.5371857 0.5409001 0.2615139 0.2612694 0.2602329 0.5595591 0.5335568 0.5326602 0.5306549 0.5341507 0.5340204 0.5282935 0.2600968 0.2601675 0.2571521 0.2600058 0.2602347 0.0249665 0.0000000 0.5331438 0.5341065 0.2608263 0.2610905 0.2606816 0.2557623 0.2582098 0.3475160 0.2565985 0.2583983 0.2581688 0.2586001 0.5402538 0.5623631 0.5551295 0.3723174 0.2607693 0.2615474 0.2599916 0.5647128 1.3536824 
PPK1.1_0    0.4879112 0.4879174 0.4871758 0.4816063 0.4796233 0.4843442 0.4933695 0.4929874 0.4867612 0.4900265 0.4919806 0.4907549 0.0241337 0.0220541 0.0258627 0.5978881 0.4868859 0.4806528 0.0238653 0.0231520 0.0235701 0.4860668 0.4857167 0.4839742 0.1729445 0.0119421 0.0127200 0.0129661 0.0099962 0.0103891 0.0130833 0.4839768 0.4853283 0.4791332 0.4820933 0.4841813 0.5170461 0.5331438 0.0000000 0.0095565 0.4852147 0.4849553 0.4842910 0.4803443 0.4822267 0.6102788 0.4819993 0.4813522 0.4813825 0.4807287 0.0249650 0.1732226 0.1744308 0.5905894 0.4849352 0.4864837 0.4843343 0.1783573 1.1586343 
PPK5.1_0    0.4900725 0.4896834 0.4892589 0.4837531 0.4819339 0.4869785 0.4954277 0.4941620 0.4887066 0.4917995 0.4944354 0.4925398 0.0232901 0.0220164 0.0264455 0.5999561 0.4887509 0.4824992 0.0227920 0.0224069 0.0221097 0.4882598 0.4881646 0.4862890 0.1748239 0.0090585 0.0108743 0.0117168 0.0086641 0.0090580 0.0112072 0.4855940 0.4863206 0.4816735 0.4841464 0.4862606 0.5182159 0.5341065 0.0095565 0.0000000 0.4875333 0.4873914 0.4869665 0.4827388 0.4846479 0.6131955 0.4831842 0.4834942 0.4834703 0.4833017 0.0220526 0.1740697 0.1758533 0.5927940 0.4878375 0.4883408 0.4865207 0.1801758 1.1627082 
RED11.1_0   0.0552365 0.0530400 0.0542955 0.0237760 0.0244845 0.0253676 0.0589605 0.0597797 0.0413280 0.0580065 0.0593929 0.0602299 0.4933729 0.4929096 0.4934358 0.3653767 0.0657419 0.0636508 0.4876894 0.4880403 0.4945918 0.0276149 0.0296462 0.0259082 0.4988303 0.4883565 0.4859398 0.4852335 0.4860305 0.4855308 0.4814144 0.0525416 0.0539459 0.0285720 0.0279442 0.0299597 0.2598021 0.2608263 0.4852147 0.4875333 0.0000000 0.0179339 0.0144024 0.0211619 0.0228592 0.3093995 0.0582741 0.0247415 0.0271607 0.0256876 0.4920306 0.5019008 0.4976460 0.3806740 0.0541674 0.0520751 0.0511632 0.5057216 1.2073074 
RED15.1_0   0.0564329 0.0544391 0.0541876 0.0257622 0.0261881 0.0249232 0.0591792 0.0598835 0.0442617 0.0569438 0.0597456 0.0611483 0.4925926 0.4922861 0.4927969 0.3658883 0.0653429 0.0629106 0.4873052 0.4875084 0.4943763 0.0279484 0.0287256 0.0272833 0.4983170 0.4878696 0.4856347 0.4848393 0.4856323 0.4849951 0.4812598 0.0522158 0.0554458 0.0289767 0.0294782 0.0306418 0.2594298 0.2610905 0.4849553 0.4873914 0.0179339 0.0000000 0.0202535 0.0217941 0.0226312 0.3095752 0.0577162 0.0257505 0.0284366 0.0266442 0.4918169 0.5008190 0.4965992 0.3811283 0.0550751 0.0532437 0.0525428 0.5048579 1.2092261 
RED17.1_0   0.0561679 0.0531982 0.0544089 0.0252362 0.0249152 0.0244321 0.0599300 0.0606116 0.0429834 0.0584368 0.0596481 0.0605543 0.4925533 0.4921452 0.4923306 0.3658121 0.0656872 0.0631245 0.4869447 0.4873422 0.4939911 0.0279227 0.0285417 0.0255204 0.4977222 0.4873081 0.4854443 0.4843475 0.4852638 0.4846688 0.4805820 0.0532186 0.0554082 0.0265542 0.0281189 0.0289881 0.2592687 0.2606816 0.4842910 0.4869665 0.0144024 0.0202535 0.0000000 0.0205396 0.0220697 0.3094652 0.0581176 0.0244523 0.0257051 0.0256292 0.4913050 0.5008790 0.4962754 0.3801905 0.0545968 0.0532422 0.0528379 0.5045156 1.2095709 
RED18.1_0   0.0568625 0.0544259 0.0543139 0.0234262 0.0251985 0.0266947 0.0592213 0.0597401 0.0422702 0.0585172 0.0592252 0.0602628 0.4882129 0.4879230 0.4878953 0.3608005 0.0648789 0.0617060 0.4828868 0.4832371 0.4897599 0.0272361 0.0262598 0.0254310 0.4937927 0.4831839 0.4813213 0.4799110 0.4812461 0.4805358 0.4771755 0.0535844 0.0545392 0.0260621 0.0293492 0.0293435 0.2544761 0.2557623 0.4803443 0.4827388 0.0211619 0.0217941 0.0205396 0.0000000 0.0206924 0.3050207 0.0574518 0.0259544 0.0242847 0.0248219 0.4873657 0.4966151 0.4918391 0.3763522 0.0545908 0.0528134 0.0529161 0.4998790 1.1964138 
RED9.119_0  0.0558743 0.0526218 0.0521665 0.0242085 0.0252144 0.0240539 0.0587882 0.0586699 0.0420107 0.0567198 0.0577470 0.0585697 0.4903738 0.4900005 0.4898222 0.3613455 0.0631718 0.0603832 0.4842813 0.4846761 0.4920201 0.0268718 0.0283976 0.0272497 0.4963079 0.4852114 0.4833191 0.4821565 0.4831139 0.4824193 0.4789672 0.0510164 0.0525331 0.0300514 0.0317833 0.0317575 0.2566454 0.2582098 0.4822267 0.4846479 0.0228592 0.0226312 0.0220697 0.0206924 0.0000000 0.3051057 0.0558976 0.0259059 0.0271328 0.0260984 0.4893949 0.4989139 0.4940763 0.3764371 0.0522739 0.0513635 0.0509841 0.5026236 1.2006674 
RUP_0       0.3145298 0.3136257 0.3124897 0.3052881 0.3045115 0.3076570 0.3165789 0.3155063 0.3099176 0.3128275 0.3151779 0.3142633 0.6198530 0.6192907 0.6190546 0.0650192 0.3116398 0.3057496 0.6131378 0.6134623 0.6211491 0.3092784 0.3096515 0.3081570 0.6263531 0.6131725 0.6112019 0.6101110 0.6126416 0.6115979 0.6057208 0.3109327 0.3100726 0.3053648 0.3080996 0.3085290 0.3464615 0.3475160 0.6102788 0.6131955 0.3093995 0.3095752 0.3094652 0.3050207 0.3051057 0.0000000 0.3080171 0.3060746 0.3062983 0.3057766 0.6182919 0.6287236 0.6230512 0.2657613 0.3111223 0.3117802 0.3097026 0.6325619 1.4874488 
SHV.1.1_0   0.0616824 0.0592618 0.0591270 0.0560722 0.0569676 0.0574726 0.0630548 0.0634589 0.0584984 0.0626954 0.0621402 0.0621845 0.4899285 0.4884196 0.4894831 0.3615555 0.0320014 0.0341493 0.4839542 0.4839862 0.4898884 0.0560764 0.0571757 0.0559024 0.4945979 0.4834365 0.4811801 0.4806757 0.4821765 0.4811871 0.4773589 0.0584274 0.0582666 0.0565186 0.0551366 0.0575056 0.2560406 0.2565985 0.4819993 0.4831842 0.0582741 0.0577162 0.0581176 0.0574518 0.0558976 0.3080171 0.0000000 0.0547631 0.0562182 0.0547680 0.4881279 0.4983627 0.4928107 0.3782551 0.0604131 0.0608079 0.0601883 0.5033413 1.2100327 
SLA1.1_0    0.0537137 0.0529638 0.0519358 0.0233282 0.0227208 0.0250815 0.0580235 0.0597869 0.0380269 0.0571568 0.0577331 0.0581032 0.4894028 0.4888053 0.4890542 0.3617372 0.0632663 0.0607117 0.4836687 0.4839340 0.4907720 0.0217394 0.0231183 0.0192341 0.4954332 0.4837852 0.4820749 0.4809632 0.4820710 0.4812469 0.4775923 0.0532684 0.0532279 0.0227607 0.0223963 0.0236666 0.2567914 0.2583983 0.4813522 0.4834942 0.0247415 0.0257505 0.0244523 0.0259544 0.0259059 0.3060746 0.0547631 0.0000000 0.0140093 0.0123886 0.4880714 0.4983408 0.4936263 0.3779575 0.0531209 0.0524205 0.0508931 0.5024799 1.2024823 
SLA3.1_0    0.0555714 0.0554406 0.0534313 0.0251472 0.0256216 0.0275376 0.0608336 0.0623081 0.0408440 0.0591255 0.0596354 0.0605310 0.4897172 0.4885128 0.4892939 0.3619676 0.0656252 0.0627138 0.4843300 0.4840994 0.4905889 0.0226793 0.0220288 0.0211108 0.4954860 0.4843782 0.4818312 0.4808295 0.4816615 0.4812036 0.4778241 0.0544993 0.0550587 0.0234521 0.0247798 0.0257156 0.2566323 0.2581688 0.4813825 0.4834703 0.0271607 0.0284366 0.0257051 0.0242847 0.0271328 0.3062983 0.0562182 0.0140093 0.0000000 0.0116864 0.4880923 0.4979576 0.4938045 0.3783024 0.0550798 0.0544557 0.0533756 0.5025450 1.2004386 
SLA5.1_0    0.0529163 0.0534805 0.0524796 0.0238503 0.0251145 0.0264604 0.0578983 0.0597602 0.0392834 0.0572207 0.0578607 0.0586365 0.4889834 0.4882278 0.4890419 0.3616738 0.0640501 0.0611694 0.4832305 0.4834340 0.4900612 0.0221304 0.0241876 0.0204659 0.4951082 0.4834336 0.4815029 0.4806751 0.4813797 0.4806649 0.4772819 0.0526080 0.0533631 0.0243574 0.0233041 0.0257908 0.2567835 0.2586001 0.4807287 0.4833017 0.0256876 0.0266442 0.0256292 0.0248219 0.0260984 0.3057766 0.0547680 0.0123886 0.0116864 0.0000000 0.4877512 0.4983059 0.4938718 0.3777104 0.0534218 0.0519033 0.0507009 0.5021827 1.2002643 
SNO8.1_0    0.4950012 0.4945403 0.4945874 0.4880081 0.4866052 0.4914443 0.5002692 0.4987260 0.4931425 0.4961667 0.4995600 0.4974408 0.0188057 0.0206966 0.0211310 0.6063790 0.4938428 0.4877394 0.0191155 0.0182528 0.0215240 0.4928028 0.4926754 0.4906377 0.1801862 0.0219780 0.0230390 0.0217557 0.0240514 0.0238987 0.0236017 0.4899358 0.4914848 0.4856429 0.4882983 0.4907317 0.5246773 0.5402538 0.0249650 0.0220526 0.4920306 0.4918169 0.4913050 0.4873657 0.4893949 0.6182919 0.4881279 0.4880714 0.4880923 0.4877512 0.0000000 0.1793529 0.1799215 0.6006229 0.4918357 0.4930755 0.4901070 0.1841044 1.1748612 
SPC.3.1_0   0.5050311 0.5058468 0.5044121 0.4995140 0.4967599 0.5010336 0.5092502 0.5098446 0.5024307 0.5071009 0.5086201 0.5074514 0.1811617 0.1797087 0.1780037 0.6246912 0.5045353 0.4978642 0.1762944 0.1768067 0.1812489 0.5030066 0.5013966 0.5006524 0.0525982 0.1742153 0.1742983 0.1734628 0.1737689 0.1735077 0.1699438 0.5007697 0.5030704 0.4956128 0.4995547 0.5014005 0.5450526 0.5623631 0.1732226 0.1740697 0.5019008 0.5008190 0.5008790 0.4966151 0.4989139 0.6287236 0.4983627 0.4983408 0.4979576 0.4983059 0.1793529 0.0000000 0.0296856 0.6257404 0.5033758 0.5033145 0.4999085 0.0405881 1.1931935 
SPC.5.1b_0  0.5004594 0.5003200 0.4993713 0.4953054 0.4928262 0.4964867 0.5033259 0.5033755 0.4969227 0.5023198 0.5033916 0.5023811 0.1810115 0.1807926 0.1795080 0.6169797 0.4993695 0.4925774 0.1764230 0.1782011 0.1824089 0.4986005 0.4970041 0.4961354 0.0515512 0.1763464 0.1751595 0.1737743 0.1754002 0.1739302 0.1706839 0.4954575 0.4985323 0.4912680 0.4946792 0.4968214 0.5384867 0.5551295 0.1744308 0.1758533 0.4976460 0.4965992 0.4962754 0.4918391 0.4940763 0.6230512 0.4928107 0.4936263 0.4938045 0.4938718 0.1799215 0.0296856 0.0000000 0.6193675 0.4982693 0.4981647 0.4945084 0.0378908 1.1814635 
V480_0      0.3846972 0.3838272 0.3817229 0.3779875 0.3770925 0.3792541 0.3866999 0.3860289 0.3806833 0.3826470 0.3856918 0.3845517 0.6011071 0.6016103 0.5998731 0.2526353 0.3824385 0.3766993 0.5945559 0.5950746 0.6004418 0.3815879 0.3815100 0.3795795 0.6259001 0.5939269 0.5916584 0.5898835 0.5927854 0.5926182 0.5870824 0.3801059 0.3809511 0.3766629 0.3792098 0.3809794 0.3703962 0.3723174 0.5905894 0.5927940 0.3806740 0.3811283 0.3801905 0.3763522 0.3764371 0.2657613 0.3782551 0.3779575 0.3783024 0.3777104 0.6006229 0.6257404 0.6193675 0.0000000 0.3800731 0.3807533 0.3791754 0.6297692 1.5175838 
WFM1.1_0    0.0365533 0.0325819 0.0353898 0.0537357 0.0524668 0.0538689 0.0469993 0.0464348 0.0509800 0.0403370 0.0378704 0.0371047 0.4934549 0.4926755 0.4932750 0.3648114 0.0660800 0.0632563 0.4874763 0.4871798 0.4937884 0.0543552 0.0556874 0.0539501 0.4994935 0.4880217 0.4857475 0.4844332 0.4864145 0.4853099 0.4818701 0.0361886 0.0338224 0.0543985 0.0549928 0.0544628 0.2590531 0.2607693 0.4849352 0.4878375 0.0541674 0.0550751 0.0545968 0.0545908 0.0522739 0.3111223 0.0604131 0.0531209 0.0550798 0.0534218 0.4918357 0.5033758 0.4982693 0.3800731 0.0000000 0.0286658 0.0347938 0.5073881 1.2149322 
WFM2.2_0    0.0355393 0.0339837 0.0348589 0.0530048 0.0513826 0.0534826 0.0475841 0.0457177 0.0499203 0.0411764 0.0392940 0.0381691 0.4935540 0.4938737 0.4937303 0.3647444 0.0660472 0.0637368 0.4876487 0.4880536 0.4952812 0.0529478 0.0547036 0.0518900 0.5000997 0.4896227 0.4870484 0.4859522 0.4870417 0.4867054 0.4834269 0.0354993 0.0327798 0.0542526 0.0535600 0.0531387 0.2600681 0.2615474 0.4864837 0.4883408 0.0520751 0.0532437 0.0532422 0.0528134 0.0513635 0.3117802 0.0608079 0.0524205 0.0544557 0.0519033 0.4930755 0.5033145 0.4981647 0.3807533 0.0286658 0.0000000 0.0328549 0.5072873 1.2164814 
WFM3.1_0    0.0357867 0.0369687 0.0380859 0.0513679 0.0500220 0.0519772 0.0471124 0.0474931 0.0504355 0.0431553 0.0394158 0.0404529 0.4910987 0.4900981 0.4905187 0.3627376 0.0668565 0.0636787 0.4849700 0.4857748 0.4922057 0.0513286 0.0540162 0.0507427 0.4963798 0.4870205 0.4844436 0.4829402 0.4851323 0.4833252 0.4813389 0.0364809 0.0370476 0.0518248 0.0520272 0.0509302 0.2580641 0.2599916 0.4843343 0.4865207 0.0511632 0.0525428 0.0528379 0.0529161 0.0509841 0.3097026 0.0601883 0.0508931 0.0533756 0.0507009 0.4901070 0.4999085 0.4945084 0.3791754 0.0347938 0.0328549 0.0000000 0.5035323 1.2070775 
YL51.1_0    0.5101571 0.5098673 0.5091362 0.5036560 0.5011308 0.5056037 0.5133285 0.5143192 0.5056266 0.5116558 0.5131697 0.5120104 0.1857942 0.1848523 0.1842346 0.6268697 0.5089834 0.5014633 0.1810207 0.1833675 0.1867446 0.5067597 0.5055840 0.5041681 0.0535991 0.1802291 0.1799413 0.1783149 0.1796567 0.1786302 0.1756071 0.5042115 0.5079825 0.5001322 0.5032524 0.5055374 0.5478140 0.5647128 0.1783573 0.1801758 0.5057216 0.5048579 0.5045156 0.4998790 0.5026236 0.6325619 0.5033413 0.5024799 0.5025450 0.5021827 0.1841044 0.0405881 0.0378908 0.6297692 0.5073881 0.5072873 0.5035323 0.0000000 1.1970200 
bic_1_0     1.2224493 1.2248211 1.2169606 1.2005489 1.1992053 1.2067206 1.2299199 1.2291901 1.2128823 1.2210640 1.2266659 1.2257392 1.1739129 1.1754038 1.1703811 1.5139268 1.2179221 1.2040789 1.1675005 1.1694966 1.1806302 1.2088954 1.2075285 1.2054302 1.1876242 1.1654793 1.1620272 1.1613039 1.1629155 1.1615372 1.1520497 1.2130812 1.2177488 1.1973702 1.2036160 1.2064284 1.3428836 1.3536824 1.1586343 1.1627082 1.2073074 1.2092261 1.2095709 1.1964138 1.2006674 1.4874488 1.2100327 1.2024823 1.2004386 1.2002643 1.1748612 1.1931935 1.1814635 1.5175838 1.2149322 1.2164814 1.2070775 1.1970200 0.0000000 
