59
ARS.1.1_0   0.0000000 0.0295051 0.0275255 0.0536864 0.0505956 0.0538027 0.0454905 0.0455668 0.0495789 0.0405522 0.0368038 0.0384525 0.4976815 0.4950759 0.4972494 0.3473577 0.0659428 0.0635308 0.4929999 0.4933405 0.4970365 0.0528617 0.0542972 0.0525532 0.5035503 0.4928179 0.4911246 0.4906816 0.4911537 0.4903421 0.4879246 0.0356295 0.0324181 0.0522837 0.0526487 0.0518448 0.2634026 0.2661514 0.4903155 0.4932236 0.0540190 0.0538053 0.0541860 0.0539144 0.0529331 0.2922493 0.0595605 0.0517966 0.0540149 0.0513789 0.4953088 0.5018333 0.4985090 0.3590352 0.0363915 0.0350205 0.0348805 0.5071705 1.1910782 
ARS2.1_0    0.0295051 0.0000000 0.0292145 0.0522586 0.0506527 0.0532696 0.0474039 0.0463142 0.0499580 0.0405291 0.0372568 0.0367757 0.4982577 0.4965499 0.4978894 0.3481171 0.0653322 0.0626251 0.4933651 0.4936014 0.4985194 0.0517865 0.0536528 0.0520239 0.5033989 0.4933559 0.4915229 0.4912163 0.4913371 0.4909376 0.4879566 0.0338891 0.0303706 0.0518105 0.0519450 0.0517663 0.2640104 0.2667169 0.4906097 0.4932310 0.0522490 0.0531660 0.0524232 0.0529657 0.0515938 0.2923220 0.0568934 0.0520790 0.0537163 0.0516033 0.4957222 0.5028569 0.4988146 0.3594774 0.0320784 0.0318866 0.0363662 0.5069822 1.1930290 
ARS3.1_0    0.0275255 0.0292145 0.0000000 0.0526439 0.0504050 0.0512320 0.0456026 0.0453966 0.0484740 0.0393709 0.0357831 0.0375807 0.4950418 0.4930973 0.4946846 0.3453099 0.0648492 0.0615063 0.4907855 0.4913356 0.4949543 0.0516447 0.0514732 0.0512308 0.4999920 0.4906683 0.4886166 0.4881540 0.4886493 0.4880069 0.4854707 0.0341102 0.0316078 0.0506573 0.0517780 0.0511298 0.2621398 0.2646820 0.4876460 0.4904913 0.0531545 0.0521403 0.0528189 0.0520242 0.0503217 0.2896140 0.0564752 0.0502570 0.0518341 0.0504726 0.4926943 0.4993618 0.4956217 0.3554093 0.0344437 0.0337441 0.0366718 0.5045147 1.1820237 
CAR-C27.1_0 0.0536864 0.0522586 0.0526439 0.0000000 0.0213047 0.0234265 0.0589796 0.0591429 0.0418374 0.0561254 0.0559887 0.0575031 0.4912057 0.4900476 0.4915530 0.3415409 0.0636455 0.0607987 0.4876025 0.4880247 0.4923527 0.0260375 0.0264449 0.0247344 0.4987752 0.4867457 0.4850655 0.4845236 0.4849774 0.4846177 0.4816161 0.0510184 0.0532841 0.0268365 0.0286184 0.0271871 0.2601063 0.2627532 0.4841094 0.4869439 0.0235567 0.0244316 0.0235855 0.0221070 0.0234636 0.2841639 0.0547437 0.0227788 0.0246294 0.0236647 0.4891034 0.4969906 0.4938512 0.3536873 0.0524962 0.0518200 0.0503111 0.5014449 1.1746220 
CAR-C4.1_0  0.0505956 0.0506527 0.0504050 0.0213047 0.0000000 0.0229985 0.0570279 0.0576023 0.0415360 0.0550168 0.0540775 0.0559970 0.4889608 0.4877575 0.4894750 0.3409499 0.0637140 0.0605779 0.4852884 0.4857662 0.4902760 0.0262571 0.0278035 0.0245322 0.4957124 0.4842998 0.4827026 0.4821834 0.4825920 0.4825700 0.4793915 0.0500200 0.0512505 0.0266667 0.0272695 0.0265290 0.2583445 0.2609968 0.4817731 0.4846189 0.0238859 0.0244856 0.0236841 0.0233299 0.0243841 0.2832568 0.0554092 0.0228275 0.0249719 0.0244321 0.4870887 0.4940205 0.4907791 0.3526357 0.0507888 0.0501289 0.0485707 0.4984990 1.1711395 
CARC3.1_0   0.0538027 0.0532696 0.0512320 0.0234265 0.0229985 0.0000000 0.0581454 0.0584153 0.0416769 0.0564153 0.0568374 0.0580944 0.4935345 0.4928022 0.4938731 0.3442714 0.0642319 0.0614613 0.4898638 0.4903603 0.4949248 0.0268583 0.0277306 0.0269942 0.4997956 0.4886501 0.4871955 0.4869919 0.4874616 0.4870838 0.4837278 0.0509310 0.0530807 0.0282465 0.0278097 0.0279657 0.2615835 0.2640878 0.4863430 0.4894285 0.0259502 0.0249998 0.0241874 0.0255240 0.0246089 0.2864420 0.0564692 0.0252798 0.0266372 0.0257273 0.4917386 0.4982689 0.4949041 0.3550743 0.0530492 0.0526423 0.0509171 0.5030955 1.1803907 
CED1.1_0    0.0454905 0.0474039 0.0456026 0.0589796 0.0570279 0.0581454 0.0000000 0.0126017 0.0337029 0.0430150 0.0427113 0.0429885 0.5028201 0.5016710 0.5035921 0.3497133 0.0664798 0.0658779 0.4986100 0.4999293 0.5036327 0.0579582 0.0585160 0.0574900 0.5081701 0.4985722 0.4968136 0.4963272 0.4971081 0.4963948 0.4937018 0.0438104 0.0451716 0.0595517 0.0579526 0.0596465 0.2685893 0.2713640 0.4957918 0.4986363 0.0584552 0.0577792 0.0586832 0.0575792 0.0578214 0.2950356 0.0607526 0.0574359 0.0592039 0.0568403 0.5014042 0.5067280 0.5025835 0.3623134 0.0472262 0.0466308 0.0472457 0.5113095 1.2009789 
CED2.1_0    0.0455668 0.0463142 0.0453966 0.0591429 0.0576023 0.0584153 0.0126017 0.0000000 0.0318714 0.0426602 0.0428233 0.0427600 0.5007921 0.4998754 0.5012453 0.3487938 0.0652451 0.0647522 0.4966162 0.4977428 0.5009973 0.0584821 0.0592169 0.0580347 0.5074963 0.4973127 0.4946757 0.4943104 0.4951352 0.4941759 0.4916980 0.0444983 0.0447726 0.0600955 0.0585229 0.0593745 0.2670929 0.2696696 0.4945556 0.4967556 0.0588436 0.0582755 0.0588576 0.0579747 0.0576763 0.2931722 0.0602929 0.0580742 0.0597351 0.0577007 0.4990712 0.5059423 0.5011996 0.3611403 0.0467469 0.0446967 0.0474178 0.5108880 1.1974840 
CED3.1_0    0.0495789 0.0499580 0.0484740 0.0418374 0.0415360 0.0416769 0.0337029 0.0318714 0.0000000 0.0502282 0.0494357 0.0503843 0.4969535 0.4961775 0.4982715 0.3453603 0.0635866 0.0627912 0.4928098 0.4940309 0.4978847 0.0402121 0.0416603 0.0384105 0.5021709 0.4925571 0.4907482 0.4900858 0.4910346 0.4905613 0.4875189 0.0470393 0.0479182 0.0394914 0.0392034 0.0389947 0.2634676 0.2656973 0.4903014 0.4928263 0.0414960 0.0433438 0.0421789 0.0413632 0.0422799 0.2894828 0.0571406 0.0383743 0.0396569 0.0382696 0.4953865 0.5011143 0.4968282 0.3576122 0.0506668 0.0491632 0.0509303 0.5050994 1.1879694 
CUY.2.1_0   0.0405522 0.0405291 0.0393709 0.0561254 0.0550168 0.0564153 0.0430150 0.0426602 0.0502282 0.0000000 0.0346004 0.0314432 0.4980550 0.4955953 0.4973914 0.3470363 0.0649365 0.0630744 0.4928229 0.4935492 0.4978875 0.0559393 0.0561908 0.0555637 0.5039926 0.4928990 0.4910097 0.4912030 0.4914484 0.4907709 0.4878751 0.0410960 0.0401688 0.0563033 0.0560720 0.0557040 0.2639518 0.2665095 0.4906127 0.4932489 0.0568076 0.0549849 0.0564890 0.0561848 0.0548215 0.2908883 0.0592813 0.0553983 0.0567095 0.0546232 0.4953738 0.5024254 0.4987617 0.3575898 0.0391110 0.0396174 0.0415231 0.5072290 1.1896029 
CUY1.1_0    0.0368038 0.0372568 0.0357831 0.0559887 0.0540775 0.0568374 0.0427113 0.0428233 0.0494357 0.0346004 0.0000000 0.0312162 0.5011641 0.4991807 0.5007860 0.3490261 0.0674746 0.0638938 0.4966532 0.4971941 0.5010093 0.0553409 0.0559469 0.0548900 0.5059936 0.4966663 0.4945515 0.4941678 0.4948597 0.4938924 0.4913896 0.0384817 0.0365570 0.0552297 0.0558135 0.0555077 0.2657356 0.2681509 0.4935354 0.4965354 0.0565890 0.0564250 0.0565301 0.0557524 0.0552302 0.2930736 0.0596405 0.0552250 0.0567768 0.0547179 0.4991387 0.5048211 0.5009082 0.3604875 0.0374592 0.0385322 0.0382761 0.5098949 1.1951366 
CUY3.1_0    0.0384525 0.0367757 0.0375807 0.0575031 0.0559970 0.0580944 0.0429885 0.0427600 0.0503843 0.0314432 0.0312162 0.0000000 0.5004111 0.4988646 0.5000647 0.3489069 0.0654964 0.0633230 0.4954447 0.4961028 0.5007798 0.0581347 0.0588640 0.0575045 0.5061157 0.4954835 0.4937661 0.4930152 0.4938575 0.4933261 0.4905841 0.0387756 0.0364071 0.0581501 0.0578643 0.0577249 0.2657335 0.2681667 0.4929578 0.4956113 0.0588095 0.0586508 0.0583898 0.0577463 0.0567307 0.2926272 0.0599971 0.0567182 0.0584548 0.0569222 0.4979250 0.5044507 0.5007681 0.3599391 0.0370745 0.0376727 0.0384852 0.5092459 1.1946560 
Car-L1.1_0  0.4976815 0.4982577 0.4950418 0.4912057 0.4889608 0.4935345 0.5028201 0.5007921 0.4969535 0.4980550 0.5011641 0.5004111 0.0000000 0.0184717 0.0203722 0.6157593 0.4976928 0.4917241 0.0194597 0.0196098 0.0200367 0.4945243 0.4933993 0.4929002 0.1787071 0.0232987 0.0225989 0.0212069 0.0234487 0.0223853 0.0254418 0.4923761 0.4947633 0.4911162 0.4918585 0.4939397 0.5181098 0.5357830 0.0249330 0.0239923 0.4959797 0.4926019 0.4937474 0.4900350 0.4904011 0.6235480 0.4916289 0.4915917 0.4919296 0.4905453 0.0182515 0.1762497 0.1776679 0.6117420 0.4954597 0.4947821 0.4933396 0.1822067 1.1623196 
Car-L10.1_0 0.4950759 0.4965499 0.4930973 0.4900476 0.4877575 0.4928022 0.5016710 0.4998754 0.4961775 0.4955953 0.4991807 0.4988646 0.0184717 0.0000000 0.0184259 0.6148944 0.4962375 0.4896562 0.0214097 0.0210324 0.0188106 0.4935507 0.4928001 0.4916545 0.1766551 0.0233547 0.0238832 0.0229851 0.0229459 0.0227056 0.0253990 0.4911542 0.4940728 0.4902059 0.4911863 0.4930920 0.5178694 0.5346077 0.0235224 0.0233860 0.4951096 0.4917595 0.4928772 0.4892026 0.4897312 0.6222482 0.4899567 0.4901218 0.4903914 0.4893967 0.0202555 0.1752663 0.1772779 0.6111700 0.4943756 0.4944801 0.4920918 0.1814266 1.1618887 
Car-L8.1b_0 0.4972494 0.4978894 0.4946846 0.4915530 0.4894750 0.4938731 0.5035921 0.5012453 0.4982715 0.4973914 0.5007860 0.5000647 0.0203722 0.0184259 0.0000000 0.6144932 0.4978506 0.4909350 0.0215633 0.0208511 0.0205943 0.4950317 0.4938695 0.4934637 0.1773944 0.0263645 0.0256268 0.0244491 0.0236830 0.0242672 0.0271021 0.4927973 0.4953982 0.4920291 0.4926218 0.4945718 0.5173980 0.5343656 0.0263588 0.0261087 0.4966896 0.4932858 0.4942065 0.4902479 0.4907942 0.6236765 0.4919175 0.4914374 0.4919737 0.4909944 0.0206525 0.1741938 0.1763744 0.6112203 0.4959159 0.4955753 0.4932896 0.1809549 1.1579463 
E697_0      0.3473577 0.3481171 0.3453099 0.3415409 0.3409499 0.3442714 0.3497133 0.3487938 0.3453603 0.3470363 0.3490261 0.3489069 0.6157593 0.6148944 0.6144932 0.0000000 0.3457589 0.3413609 0.6105369 0.6123293 0.6159664 0.3451718 0.3442978 0.3437202 0.6304754 0.6092534 0.6082372 0.6075963 0.6090704 0.6085532 0.6044768 0.3439338 0.3454841 0.3432323 0.3440175 0.3449856 0.3662629 0.3686271 0.6078949 0.6101074 0.3464789 0.3444812 0.3454549 0.3411254 0.3411359 0.0641674 0.3419127 0.3429080 0.3424439 0.3421401 0.6144049 0.6286620 0.6227513 0.2480055 0.3453777 0.3442407 0.3436627 0.6320590 1.4960882 
GRM4.1_0    0.0659428 0.0653322 0.0648492 0.0636455 0.0637140 0.0642319 0.0664798 0.0652451 0.0635866 0.0649365 0.0674746 0.0654964 0.4976928 0.4962375 0.4978506 0.3457589 0.0000000 0.0181669 0.4929881 0.4939163 0.4981240 0.0638062 0.0646417 0.0635647 0.5025419 0.4922861 0.4907735 0.4903965 0.4912191 0.4903832 0.4872928 0.0650693 0.0640485 0.0651233 0.0641691 0.0647091 0.2621634 0.2648500 0.4899336 0.4926329 0.0654938 0.0643328 0.0642238 0.0641351 0.0625227 0.2917119 0.0323335 0.0630577 0.0646084 0.0631286 0.4951975 0.5028058 0.4990310 0.3587584 0.0644417 0.0645761 0.0649561 0.5071740 1.1907576 
GRM5.1_0    0.0635308 0.0626251 0.0615063 0.0607987 0.0605779 0.0614613 0.0658779 0.0647522 0.0627912 0.0630744 0.0638938 0.0633230 0.4917241 0.4896562 0.4909350 0.3413609 0.0181669 0.0000000 0.4878216 0.4885621 0.4917068 0.0612088 0.0619986 0.0604546 0.4959591 0.4862352 0.4848290 0.4846931 0.4853784 0.4845480 0.4813893 0.0622567 0.0621036 0.0620329 0.0618986 0.0617112 0.2589597 0.2607715 0.4842286 0.4868001 0.0630926 0.0617027 0.0614363 0.0606741 0.0594860 0.2864979 0.0338213 0.0598888 0.0616713 0.0600732 0.4894835 0.4964289 0.4924983 0.3539004 0.0617772 0.0624314 0.0622076 0.5005533 1.1795262 
HST1.1_0    0.4929999 0.4933651 0.4907855 0.4876025 0.4852884 0.4898638 0.4986100 0.4966162 0.4928098 0.4928229 0.4966532 0.4954447 0.0194597 0.0214097 0.0215633 0.6105369 0.4929881 0.4878216 0.0000000 0.0053548 0.0213712 0.4906141 0.4894114 0.4892319 0.1755227 0.0225548 0.0224133 0.0207446 0.0229210 0.0222705 0.0245505 0.4886710 0.4907160 0.4878901 0.4885531 0.4906871 0.5153336 0.5318016 0.0239773 0.0230783 0.4919072 0.4888245 0.4899110 0.4863489 0.4861693 0.6194377 0.4872746 0.4876475 0.4882437 0.4866555 0.0178946 0.1726551 0.1743467 0.6077574 0.4911615 0.4906521 0.4889544 0.1784183 1.1559391 
HST2.1_0    0.4933405 0.4936014 0.4913356 0.4880247 0.4857662 0.4903603 0.4999293 0.4977428 0.4940309 0.4935492 0.4971941 0.4961028 0.0196098 0.0210324 0.0208511 0.6123293 0.4939163 0.4885621 0.0053548 0.0000000 0.0213334 0.4911561 0.4901002 0.4899206 0.1761606 0.0225527 0.0219070 0.0208402 0.0223574 0.0218710 0.0238551 0.4898002 0.4913584 0.4883719 0.4892024 0.4908760 0.5165000 0.5328312 0.0235722 0.0226619 0.4925107 0.4894323 0.4905481 0.4869497 0.4869144 0.6202021 0.4878777 0.4882549 0.4884254 0.4872172 0.0174426 0.1727947 0.1753828 0.6088763 0.4914168 0.4914748 0.4900013 0.1799083 1.1584426 
Holly_0     0.4970365 0.4985194 0.4949543 0.4923527 0.4902760 0.4949248 0.5036327 0.5009973 0.4978847 0.4978875 0.5010093 0.5007798 0.0200367 0.0188106 0.0205943 0.6159664 0.4981240 0.4917068 0.0213712 0.0213334 0.0000000 0.4958210 0.4947961 0.4939243 0.1806782 0.0227955 0.0221739 0.0221072 0.0236917 0.0226960 0.0246020 0.4932136 0.4957264 0.4925518 0.4935010 0.4951705 0.5175321 0.5345545 0.0245887 0.0229109 0.4971917 0.4942188 0.4950735 0.4913907 0.4920454 0.6250006 0.4917596 0.4925578 0.4928464 0.4917371 0.0206379 0.1766517 0.1786371 0.6115428 0.4959177 0.4963074 0.4943498 0.1829173 1.1676878 
IND2.1_0    0.0528617 0.0517865 0.0516447 0.0260375 0.0262571 0.0268583 0.0579582 0.0584821 0.0402121 0.0559393 0.0553409 0.0581347 0.4945243 0.4935507 0.4950317 0.3451718 0.0638062 0.0612088 0.4906141 0.4911561 0.4958210 0.0000000 0.0130656 0.0130477 0.5004345 0.4898676 0.4883652 0.4877321 0.4884497 0.4880936 0.4852159 0.0507097 0.0535553 0.0260412 0.0237617 0.0246365 0.2623238 0.2650802 0.4875040 0.4903767 0.0276578 0.0281781 0.0268820 0.0266660 0.0271554 0.2873607 0.0541481 0.0219400 0.0222423 0.0218618 0.4927386 0.4993366 0.4959560 0.3567060 0.0520398 0.0513601 0.0497211 0.5034757 1.1799726 
IND5.1_0    0.0542972 0.0536528 0.0514732 0.0264449 0.0278035 0.0277306 0.0585160 0.0592169 0.0416603 0.0561908 0.0559469 0.0588640 0.4933993 0.4928001 0.4938695 0.3442978 0.0646417 0.0619986 0.4894114 0.4901002 0.4947961 0.0130656 0.0000000 0.0141648 0.4987214 0.4885464 0.4872451 0.4865256 0.4872385 0.4869405 0.4835948 0.0514597 0.0545048 0.0224480 0.0228040 0.0241305 0.2615235 0.2642770 0.4861863 0.4892351 0.0284015 0.0278575 0.0274001 0.0254245 0.0273559 0.2871462 0.0549904 0.0229740 0.0221715 0.0233799 0.4915689 0.4974414 0.4940726 0.3560969 0.0528442 0.0523343 0.0518552 0.5018910 1.1783948 
IND6.1_0    0.0525532 0.0520239 0.0512308 0.0247344 0.0245322 0.0269942 0.0574900 0.0580347 0.0384105 0.0555637 0.0548900 0.0575045 0.4929002 0.4916545 0.4934637 0.3437202 0.0635647 0.0604546 0.4892319 0.4899206 0.4939243 0.0130477 0.0141648 0.0000000 0.4988627 0.4883883 0.4869206 0.4863303 0.4866721 0.4865239 0.4832383 0.0505723 0.0527934 0.0232465 0.0215615 0.0227610 0.2611262 0.2636523 0.4858518 0.4886321 0.0256160 0.0267883 0.0247795 0.0245172 0.0267921 0.2860101 0.0539443 0.0202538 0.0209053 0.0206579 0.4910344 0.4978299 0.4940776 0.3545728 0.0515209 0.0506971 0.0494676 0.5018078 1.1773069 
IOM3.1.1_0  0.5035503 0.5033989 0.4999920 0.4987752 0.4957124 0.4997956 0.5081701 0.5074963 0.5021709 0.5039926 0.5059936 0.5061157 0.1787071 0.1766551 0.1773944 0.6304754 0.5025419 0.4959591 0.1755227 0.1761606 0.1806782 0.5004345 0.4987214 0.4988627 0.0000000 0.1743041 0.1746873 0.1739724 0.1745147 0.1745809 0.1702313 0.4987849 0.5017565 0.4974597 0.4985614 0.5004766 0.5332339 0.5504766 0.1722891 0.1747068 0.5014877 0.4986381 0.4991123 0.4956550 0.4965882 0.6310214 0.4967625 0.4969541 0.4970679 0.4962854 0.1780511 0.0519706 0.0503676 0.6327313 0.5012910 0.5012821 0.4990603 0.0538088 1.1732555 
JAC1.1_0    0.4928179 0.4933559 0.4906683 0.4867457 0.4842998 0.4886501 0.4985722 0.4973127 0.4925571 0.4928990 0.4966663 0.4954835 0.0232987 0.0233547 0.0263645 0.6092534 0.4922861 0.4862352 0.0225548 0.0225527 0.0227955 0.4898676 0.4885464 0.4883883 0.1743041 0.0000000 0.0096120 0.0075338 0.0116144 0.0119137 0.0124401 0.4883495 0.4902086 0.4866846 0.4876793 0.4895493 0.5121383 0.5291710 0.0114075 0.0084913 0.4915458 0.4884149 0.4893358 0.4855228 0.4860227 0.6185117 0.4864246 0.4867410 0.4869942 0.4856369 0.0216124 0.1717347 0.1746890 0.6066204 0.4906864 0.4913023 0.4897480 0.1782681 1.1551856 
JAC2.1_0    0.4911246 0.4915229 0.4886166 0.4850655 0.4827026 0.4871955 0.4968136 0.4946757 0.4907482 0.4910097 0.4945515 0.4937661 0.0225989 0.0238832 0.0256268 0.6082372 0.4907735 0.4848290 0.0224133 0.0219070 0.0221739 0.4883652 0.4872451 0.4869206 0.1746873 0.0096120 0.0000000 0.0097328 0.0115535 0.0121767 0.0121348 0.4865515 0.4884820 0.4853927 0.4860912 0.4877311 0.5116333 0.5284883 0.0124451 0.0107092 0.4897487 0.4866405 0.4879386 0.4841252 0.4844969 0.6163290 0.4845649 0.4854463 0.4850945 0.4841868 0.0223652 0.1715943 0.1738595 0.6045496 0.4889866 0.4892105 0.4876595 0.1780472 1.1531320 
JAC4.1_0    0.4906816 0.4912163 0.4881540 0.4845236 0.4821834 0.4869919 0.4963272 0.4943104 0.4900858 0.4912030 0.4941678 0.4930152 0.0212069 0.0229851 0.0244491 0.6075963 0.4903965 0.4846931 0.0207446 0.0208402 0.0221072 0.4877321 0.4865256 0.4863303 0.1739724 0.0075338 0.0097328 0.0000000 0.0104096 0.0105218 0.0135345 0.4856017 0.4876129 0.4849945 0.4857649 0.4872743 0.5104029 0.5271482 0.0119916 0.0110842 0.4894286 0.4863542 0.4873347 0.4832944 0.4839459 0.6164493 0.4845526 0.4848330 0.4845586 0.4838747 0.0216377 0.1711355 0.1730499 0.6039885 0.4882252 0.4887778 0.4869255 0.1768529 1.1527857 
LH217.1_0   0.4911537 0.4913371 0.4886493 0.4849774 0.4825920 0.4874616 0.4971081 0.4951352 0.4910346 0.4914484 0.4948597 0.4938575 0.0234487 0.0229459 0.0236830 0.6090704 0.4912191 0.4853784 0.0229210 0.0223574 0.0236917 0.4884497 0.4872385 0.4866721 0.1745147 0.0116144 0.0115535 0.0104096 0.0000000 0.0066851 0.0111010 0.4868527 0.4885880 0.4851585 0.4862054 0.4879298 0.5120718 0.5290369 0.0099673 0.0079125 0.4896923 0.4865212 0.4876890 0.4840666 0.4842290 0.6177502 0.4853449 0.4853972 0.4849699 0.4840513 0.0236022 0.1710681 0.1737889 0.6053060 0.4894614 0.4893292 0.4880731 0.1775207 1.1525922 
LH223.1_0   0.4903421 0.4909376 0.4880069 0.4846177 0.4825700 0.4870838 0.4963948 0.4941759 0.4905613 0.4907709 0.4938924 0.4933261 0.0223853 0.0227056 0.0242672 0.6085532 0.4903832 0.4845480 0.0222705 0.0218710 0.0226960 0.4880936 0.4869405 0.4865239 0.1745809 0.0119137 0.0121767 0.0105218 0.0066851 0.0000000 0.0127401 0.4860154 0.4883080 0.4848420 0.4858832 0.4876122 0.5114570 0.5290365 0.0097105 0.0088632 0.4896106 0.4863397 0.4875406 0.4838310 0.4840065 0.6169881 0.4848440 0.4850142 0.4849219 0.4837464 0.0229628 0.1712055 0.1731510 0.6046287 0.4888678 0.4893032 0.4869678 0.1767609 1.1525982 
LH266.1_0   0.4879246 0.4879566 0.4854707 0.4816161 0.4793915 0.4837278 0.4937018 0.4916980 0.4875189 0.4878751 0.4913896 0.4905841 0.0254418 0.0253990 0.0271021 0.6044768 0.4872928 0.4813893 0.0245505 0.0238551 0.0246020 0.4852159 0.4835948 0.4832383 0.1702313 0.0124401 0.0121348 0.0135345 0.0111010 0.0127401 0.0000000 0.4837890 0.4849691 0.4816653 0.4824914 0.4841548 0.5080566 0.5244655 0.0130463 0.0112575 0.4858148 0.4829778 0.4838622 0.4806824 0.4808484 0.6123306 0.4813728 0.4817395 0.4818466 0.4806715 0.0241968 0.1671938 0.1691237 0.6009075 0.4854309 0.4860421 0.4847680 0.1734479 1.1444690 
MNZ1.1_0    0.0356295 0.0338891 0.0341102 0.0510184 0.0500200 0.0509310 0.0438104 0.0444983 0.0470393 0.0410960 0.0384817 0.0387756 0.4923761 0.4911542 0.4927973 0.3439338 0.0650693 0.0622567 0.4886710 0.4898002 0.4932136 0.0507097 0.0514597 0.0505723 0.4987849 0.4883495 0.4865515 0.4856017 0.4868527 0.4860154 0.4837890 0.0000000 0.0326119 0.0510259 0.0510879 0.0497235 0.2615764 0.2641930 0.4862012 0.4886063 0.0505143 0.0495926 0.0507486 0.0502345 0.0491359 0.2887747 0.0563492 0.0509572 0.0526892 0.0505929 0.4908016 0.4975743 0.4935317 0.3554893 0.0351478 0.0341205 0.0356321 0.5015567 1.1833712 
MNZ2.1_0    0.0324181 0.0303706 0.0316078 0.0532841 0.0512505 0.0530807 0.0451716 0.0447726 0.0479182 0.0401688 0.0365570 0.0364071 0.4947633 0.4940728 0.4953982 0.3454841 0.0640485 0.0621036 0.4907160 0.4913584 0.4957264 0.0535553 0.0545048 0.0527934 0.5017565 0.4902086 0.4884820 0.4876129 0.4885880 0.4883080 0.4849691 0.0326119 0.0000000 0.0530551 0.0522333 0.0522725 0.2619448 0.2646279 0.4879751 0.4900346 0.0534586 0.0540412 0.0543459 0.0531414 0.0519495 0.2889794 0.0565768 0.0527688 0.0541211 0.0522570 0.4928245 0.5001566 0.4967762 0.3570654 0.0332731 0.0313873 0.0358170 0.5050741 1.1879305 
ONC1.1_0    0.0522837 0.0518105 0.0506573 0.0268365 0.0266667 0.0282465 0.0595517 0.0600955 0.0394914 0.0563033 0.0552297 0.0581501 0.4911162 0.4902059 0.4920291 0.3432323 0.0651233 0.0620329 0.4878901 0.4883719 0.4925518 0.0260412 0.0224480 0.0232465 0.4974597 0.4866846 0.4853927 0.4849945 0.4851585 0.4848420 0.4816653 0.0510259 0.0530551 0.0000000 0.0209463 0.0191874 0.2600600 0.2629761 0.4841760 0.4872996 0.0282902 0.0292126 0.0264138 0.0265994 0.0297405 0.2860251 0.0559701 0.0238011 0.0237455 0.0238748 0.4891530 0.4961687 0.4927291 0.3546986 0.0526866 0.0525627 0.0506933 0.5008010 1.1748280 
ONC2.1_0    0.0526487 0.0519450 0.0517780 0.0286184 0.0272695 0.0278097 0.0579526 0.0585229 0.0392034 0.0560720 0.0558135 0.0578643 0.4918585 0.4911863 0.4926218 0.3440175 0.0641691 0.0618986 0.4885531 0.4892024 0.4935010 0.0237617 0.0228040 0.0215615 0.4985614 0.4876793 0.4860912 0.4857649 0.4862054 0.4858832 0.4824914 0.0510879 0.0522333 0.0209463 0.0000000 0.0194340 0.2615000 0.2644070 0.4854186 0.4881251 0.0280935 0.0295141 0.0280442 0.0288882 0.0310674 0.2872535 0.0545287 0.0232598 0.0245936 0.0233156 0.4901613 0.4976118 0.4940225 0.3558003 0.0531774 0.0519868 0.0504076 0.5017567 1.1777250 
ONC3.1_0    0.0518448 0.0517663 0.0511298 0.0271871 0.0265290 0.0279657 0.0596465 0.0593745 0.0389947 0.0557040 0.0555077 0.0577249 0.4939397 0.4930920 0.4945718 0.3449856 0.0647091 0.0617112 0.4906871 0.4908760 0.4951705 0.0246365 0.0241305 0.0227610 0.5004766 0.4895493 0.4877311 0.4872743 0.4879298 0.4876122 0.4841548 0.0497235 0.0522725 0.0191874 0.0194340 0.0000000 0.2621550 0.2645125 0.4869588 0.4897495 0.0295682 0.0298947 0.0283360 0.0284224 0.0312652 0.2877093 0.0559665 0.0243568 0.0253749 0.0252636 0.4921606 0.4991921 0.4957028 0.3569843 0.0525165 0.0519837 0.0496396 0.5036059 1.1796011 
PAR1366_0   0.2634026 0.2640104 0.2621398 0.2601063 0.2583445 0.2615835 0.2685893 0.2670929 0.2634676 0.2639518 0.2657356 0.2657335 0.5181098 0.5178694 0.5173980 0.3662629 0.2621634 0.2589597 0.5153336 0.5165000 0.5175321 0.2623238 0.2615235 0.2611262 0.5332339 0.5121383 0.5116333 0.5104029 0.5120718 0.5114570 0.5080566 0.2615764 0.2619448 0.2600600 0.2615000 0.2621550 0.0000000 0.0270878 0.5111391 0.5129403 0.2633109 0.2612248 0.2618441 0.2578938 0.2588480 0.3514168 0.2590389 0.2601535 0.2597432 0.2594431 0.5172336 0.5311057 0.5261814 0.3770951 0.2622522 0.2622202 0.2613390 0.5348933 1.2947982 
PAR1490_0   0.2661514 0.2667169 0.2646820 0.2627532 0.2609968 0.2640878 0.2713640 0.2696696 0.2656973 0.2665095 0.2681509 0.2681667 0.5357830 0.5346077 0.5343656 0.3686271 0.2648500 0.2607715 0.5318016 0.5328312 0.5345545 0.2650802 0.2642770 0.2636523 0.5504766 0.5291710 0.5284883 0.5271482 0.5290369 0.5290365 0.5244655 0.2641930 0.2646279 0.2629761 0.2644070 0.2645125 0.0270878 0.0000000 0.5282446 0.5298567 0.2657841 0.2641547 0.2645823 0.2604787 0.2617034 0.3532769 0.2610656 0.2630430 0.2625803 0.2623528 0.5336604 0.5490217 0.5435933 0.3801372 0.2651412 0.2650795 0.2646289 0.5526347 1.3089553 
PPK1.1_0    0.4903155 0.4906097 0.4876460 0.4841094 0.4817731 0.4863430 0.4957918 0.4945556 0.4903014 0.4906127 0.4935354 0.4929578 0.0249330 0.0235224 0.0263588 0.6078949 0.4899336 0.4842286 0.0239773 0.0235722 0.0245887 0.4875040 0.4861863 0.4858518 0.1722891 0.0114075 0.0124451 0.0119916 0.0099673 0.0097105 0.0130463 0.4862012 0.4879751 0.4841760 0.4854186 0.4869588 0.5111391 0.5282446 0.0000000 0.0094848 0.4885467 0.4855725 0.4864324 0.4829549 0.4831268 0.6157456 0.4848555 0.4843482 0.4843050 0.4830513 0.0244331 0.1702186 0.1727828 0.6035808 0.4879440 0.4883097 0.4871884 0.1764225 1.1494574 
PPK5.1_0    0.4932236 0.4932310 0.4904913 0.4869439 0.4846189 0.4894285 0.4986363 0.4967556 0.4928263 0.4932489 0.4965354 0.4956113 0.0239923 0.0233860 0.0261087 0.6101074 0.4926329 0.4868001 0.0230783 0.0226619 0.0229109 0.4903767 0.4892351 0.4886321 0.1747068 0.0084913 0.0107092 0.0110842 0.0079125 0.0088632 0.0112575 0.4886063 0.4900346 0.4872996 0.4881251 0.4897495 0.5129403 0.5298567 0.0094848 0.0000000 0.4915131 0.4886677 0.4896523 0.4858791 0.4862127 0.6189837 0.4869505 0.4871847 0.4871007 0.4861948 0.0218940 0.1715710 0.1743577 0.6061655 0.4912264 0.4909918 0.4900085 0.1782416 1.1540724 
RED11.1_0   0.0540190 0.0522490 0.0531545 0.0235567 0.0238859 0.0259502 0.0584552 0.0588436 0.0414960 0.0568076 0.0565890 0.0588095 0.4959797 0.4951096 0.4966896 0.3464789 0.0654938 0.0630926 0.4919072 0.4925107 0.4971917 0.0276578 0.0284015 0.0256160 0.5014877 0.4915458 0.4897487 0.4894286 0.4896923 0.4896106 0.4858148 0.0505143 0.0534586 0.0282902 0.0280935 0.0295682 0.2633109 0.2657841 0.4885467 0.4915131 0.0000000 0.0174162 0.0140070 0.0199880 0.0217608 0.2891515 0.0573306 0.0253335 0.0273001 0.0257643 0.4938733 0.5004902 0.4971159 0.3572946 0.0528927 0.0512697 0.0501134 0.5045865 1.1823861 
RED15.1_0   0.0538053 0.0531660 0.0521403 0.0244316 0.0244856 0.0249998 0.0577792 0.0582755 0.0433438 0.0549849 0.0564250 0.0586508 0.4926019 0.4917595 0.4932858 0.3444812 0.0643328 0.0617027 0.4888245 0.4894323 0.4942188 0.0281781 0.0278575 0.0267883 0.4986381 0.4884149 0.4866405 0.4863542 0.4865212 0.4863397 0.4829778 0.0495926 0.0540412 0.0292126 0.0295141 0.0298947 0.2612248 0.2641547 0.4855725 0.4886677 0.0174162 0.0000000 0.0196768 0.0198466 0.0209866 0.2870453 0.0560461 0.0252791 0.0276190 0.0255192 0.4908201 0.4970619 0.4937232 0.3555662 0.0528748 0.0517858 0.0505258 0.5013276 1.1799056 
RED17.1_0   0.0541860 0.0524232 0.0528189 0.0235855 0.0236841 0.0241874 0.0586832 0.0588576 0.0421789 0.0564890 0.0565301 0.0583898 0.4937474 0.4928772 0.4942065 0.3454549 0.0642238 0.0614363 0.4899110 0.4905481 0.4950735 0.0268820 0.0274001 0.0247795 0.4991123 0.4893358 0.4879386 0.4873347 0.4876890 0.4875406 0.4838622 0.0507486 0.0543459 0.0264138 0.0280442 0.0283360 0.2618441 0.2645823 0.4864324 0.4896523 0.0140070 0.0196768 0.0000000 0.0193309 0.0208122 0.2877870 0.0561797 0.0238894 0.0249191 0.0248041 0.4918936 0.4981485 0.4945296 0.3557946 0.0525533 0.0519984 0.0510321 0.5021924 1.1817659 
RED18.1_0   0.0539144 0.0529657 0.0520242 0.0221070 0.0233299 0.0255240 0.0575792 0.0579747 0.0413632 0.0561848 0.0557524 0.0577463 0.4900350 0.4892026 0.4902479 0.3411254 0.0641351 0.0606741 0.4863489 0.4869497 0.4913907 0.0266660 0.0254245 0.0245172 0.4956550 0.4855228 0.4841252 0.4832944 0.4840666 0.4838310 0.4806824 0.0502345 0.0531414 0.0265994 0.0288882 0.0284224 0.2578938 0.2604787 0.4829549 0.4858791 0.0199880 0.0198466 0.0193309 0.0000000 0.0190720 0.2839235 0.0558288 0.0251890 0.0239443 0.0241703 0.4883340 0.4944141 0.4906862 0.3522407 0.0521858 0.0512186 0.0509046 0.4982064 1.1712005 
RED9.119_0  0.0529331 0.0515938 0.0503217 0.0234636 0.0243841 0.0246089 0.0578214 0.0576763 0.0422799 0.0548215 0.0552302 0.0567307 0.4904011 0.4897312 0.4907942 0.3411359 0.0625227 0.0594860 0.4861693 0.4869144 0.4920454 0.0271554 0.0273559 0.0267921 0.4965882 0.4860227 0.4844969 0.4839459 0.4842290 0.4840065 0.4808484 0.0491359 0.0519495 0.0297405 0.0310674 0.0312652 0.2588480 0.2617034 0.4831268 0.4862127 0.0217608 0.0209866 0.0208122 0.0190720 0.0000000 0.2835982 0.0550294 0.0257312 0.0272131 0.0258281 0.4886032 0.4950944 0.4913894 0.3519784 0.0505964 0.0502452 0.0494845 0.4992211 1.1721717 
RUP_0       0.2922493 0.2923220 0.2896140 0.2841639 0.2832568 0.2864420 0.2950356 0.2931722 0.2894828 0.2908883 0.2930736 0.2926272 0.6235480 0.6222482 0.6236765 0.0641674 0.2917119 0.2864979 0.6194377 0.6202021 0.6250006 0.2873607 0.2871462 0.2860101 0.6310214 0.6185117 0.6163290 0.6164493 0.6177502 0.6169881 0.6123306 0.2887747 0.2889794 0.2860251 0.2872535 0.2877093 0.3514168 0.3532769 0.6157456 0.6189837 0.2891515 0.2870453 0.2877870 0.2839235 0.2835982 0.0000000 0.2872519 0.2856365 0.2852867 0.2848854 0.6221520 0.6284767 0.6240776 0.2562616 0.2899183 0.2891049 0.2884558 0.6336995 1.4575579 
SHV.1.1_0   0.0595605 0.0568934 0.0564752 0.0547437 0.0554092 0.0564692 0.0607526 0.0602929 0.0571406 0.0592813 0.0596405 0.0599971 0.4916289 0.4899567 0.4919175 0.3419127 0.0323335 0.0338213 0.4872746 0.4878777 0.4917596 0.0541481 0.0549904 0.0539443 0.4967625 0.4864246 0.4845649 0.4845526 0.4853449 0.4848440 0.4813728 0.0563492 0.0565768 0.0559701 0.0545287 0.0559665 0.2590389 0.2610656 0.4848555 0.4869505 0.0573306 0.0560461 0.0561797 0.0558288 0.0550294 0.2872519 0.0000000 0.0535823 0.0541451 0.0530999 0.4888815 0.4962758 0.4921075 0.3538362 0.0580748 0.0579624 0.0588823 0.5010204 1.1811189 
SLA1.1_0    0.0517966 0.0520790 0.0502570 0.0227788 0.0228275 0.0252798 0.0574359 0.0580742 0.0383743 0.0553983 0.0552250 0.0567182 0.4915917 0.4901218 0.4914374 0.3429080 0.0630577 0.0598888 0.4876475 0.4882549 0.4925578 0.0219400 0.0229740 0.0202538 0.4969541 0.4867410 0.4854463 0.4848330 0.4853972 0.4850142 0.4817395 0.0509572 0.0527688 0.0238011 0.0232598 0.0243568 0.2601535 0.2630430 0.4843482 0.4871847 0.0253335 0.0252791 0.0238894 0.0251890 0.0257312 0.2856365 0.0535823 0.0000000 0.0142027 0.0128409 0.4895801 0.4957545 0.4921635 0.3546845 0.0519185 0.0516376 0.0500142 0.5004844 1.1762548 
SLA3.1_0    0.0540149 0.0537163 0.0518341 0.0246294 0.0249719 0.0266372 0.0592039 0.0597351 0.0396569 0.0567095 0.0567768 0.0584548 0.4919296 0.4903914 0.4919737 0.3424439 0.0646084 0.0616713 0.4882437 0.4884254 0.4928464 0.0222423 0.0221715 0.0209053 0.4970679 0.4869942 0.4850945 0.4845586 0.4849699 0.4849219 0.4818466 0.0526892 0.0541211 0.0237455 0.0245936 0.0253749 0.2597432 0.2625803 0.4843050 0.4871007 0.0273001 0.0276190 0.0249191 0.0239443 0.0272131 0.2852867 0.0541451 0.0142027 0.0000000 0.0111167 0.4897124 0.4956656 0.4924733 0.3545105 0.0526460 0.0531596 0.0522127 0.5004940 1.1740466 
SLA5.1_0    0.0513789 0.0516033 0.0504726 0.0236647 0.0244321 0.0257273 0.0568403 0.0577007 0.0382696 0.0546232 0.0547179 0.0569222 0.4905453 0.4893967 0.4909944 0.3421401 0.0631286 0.0600732 0.4866555 0.4872172 0.4917371 0.0218618 0.0233799 0.0206579 0.4962854 0.4856369 0.4841868 0.4838747 0.4840513 0.4837464 0.4806715 0.0505929 0.0522570 0.0238748 0.0233156 0.0252636 0.2594431 0.2623528 0.4830513 0.4861948 0.0257643 0.0255192 0.0248041 0.0241703 0.0258281 0.2848854 0.0530999 0.0128409 0.0111167 0.0000000 0.4886735 0.4951152 0.4916225 0.3536868 0.0511050 0.0504503 0.0493162 0.4993655 1.1731413 
SNO8.1_0    0.4953088 0.4957222 0.4926943 0.4891034 0.4870887 0.4917386 0.5014042 0.4990712 0.4953865 0.4953738 0.4991387 0.4979250 0.0182515 0.0202555 0.0206525 0.6144049 0.4951975 0.4894835 0.0178946 0.0174426 0.0206379 0.4927386 0.4915689 0.4910344 0.1780511 0.0216124 0.0223652 0.0216377 0.0236022 0.0229628 0.0241968 0.4908016 0.4928245 0.4891530 0.4901613 0.4921606 0.5172336 0.5336604 0.0244331 0.0218940 0.4938733 0.4908201 0.4918936 0.4883340 0.4886032 0.6221520 0.4888815 0.4895801 0.4897124 0.4886735 0.0000000 0.1750376 0.1768998 0.6107327 0.4932642 0.4934080 0.4915948 0.1806493 1.1612285 
SPC.3.1_0   0.5018333 0.5028569 0.4993618 0.4969906 0.4940205 0.4982689 0.5067280 0.5059423 0.5011143 0.5024254 0.5048211 0.5044507 0.1762497 0.1752663 0.1741938 0.6286620 0.5028058 0.4964289 0.1726551 0.1727947 0.1766517 0.4993366 0.4974414 0.4978299 0.0519706 0.1717347 0.1715943 0.1711355 0.1710681 0.1712055 0.1671938 0.4975743 0.5001566 0.4961687 0.4976118 0.4991921 0.5311057 0.5490217 0.1702186 0.1715710 0.5004902 0.4970619 0.4981485 0.4944141 0.4950944 0.6284767 0.4962758 0.4957545 0.4956656 0.4951152 0.1750376 0.0000000 0.0296494 0.6286513 0.5005402 0.5001546 0.4978937 0.0400630 1.1696696 
SPC.5.1b_0  0.4985090 0.4988146 0.4956217 0.4938512 0.4907791 0.4949041 0.5025835 0.5011996 0.4968282 0.4987617 0.5009082 0.5007681 0.1776679 0.1772779 0.1763744 0.6227513 0.4990310 0.4924983 0.1743467 0.1753828 0.1786371 0.4959560 0.4940726 0.4940776 0.0503676 0.1746890 0.1738595 0.1730499 0.1737889 0.1731510 0.1691237 0.4935317 0.4967762 0.4927291 0.4940225 0.4957028 0.5261814 0.5435933 0.1727828 0.1743577 0.4971159 0.4937232 0.4945296 0.4906862 0.4913894 0.6240776 0.4921075 0.4921635 0.4924733 0.4916225 0.1768998 0.0296494 0.0000000 0.6238744 0.4968734 0.4961204 0.4938783 0.0387413 1.1605573 
V480_0      0.3590352 0.3594774 0.3554093 0.3536873 0.3526357 0.3550743 0.3623134 0.3611403 0.3576122 0.3575898 0.3604875 0.3599391 0.6117420 0.6111700 0.6112203 0.2480055 0.3587584 0.3539004 0.6077574 0.6088763 0.6115428 0.3567060 0.3560969 0.3545728 0.6327313 0.6066204 0.6045496 0.6039885 0.6053060 0.6046287 0.6009075 0.3554893 0.3570654 0.3546986 0.3558003 0.3569843 0.3770951 0.3801372 0.6035808 0.6061655 0.3572946 0.3555662 0.3557946 0.3522407 0.3519784 0.2562616 0.3538362 0.3546845 0.3545105 0.3536868 0.6107327 0.6286513 0.6238744 0.0000000 0.3558308 0.3558189 0.3551339 0.6335135 1.4924384 
WFM1.1_0    0.0363915 0.0320784 0.0344437 0.0524962 0.0507888 0.0530492 0.0472262 0.0467469 0.0506668 0.0391110 0.0374592 0.0370745 0.4954597 0.4943756 0.4959159 0.3453777 0.0644417 0.0617772 0.4911615 0.4914168 0.4959177 0.0520398 0.0528442 0.0515209 0.5012910 0.4906864 0.4889866 0.4882252 0.4894614 0.4888678 0.4854309 0.0351478 0.0332731 0.0526866 0.0531774 0.0525165 0.2622522 0.2651412 0.4879440 0.4912264 0.0528927 0.0528748 0.0525533 0.0521858 0.0505964 0.2899183 0.0580748 0.0519185 0.0526460 0.0511050 0.4932642 0.5005402 0.4968734 0.3558308 0.0000000 0.0279995 0.0336709 0.5050682 1.1857284 
WFM2.2_0    0.0350205 0.0318866 0.0337441 0.0518200 0.0501289 0.0526423 0.0466308 0.0446967 0.0491632 0.0396174 0.0385322 0.0376727 0.4947821 0.4944801 0.4955753 0.3442407 0.0645761 0.0624314 0.4906521 0.4914748 0.4963074 0.0513601 0.0523343 0.0506971 0.5012821 0.4913023 0.4892105 0.4887778 0.4893292 0.4893032 0.4860421 0.0341205 0.0313873 0.0525627 0.0519868 0.0519837 0.2622202 0.2650795 0.4883097 0.4909918 0.0512697 0.0517858 0.0519984 0.0512186 0.0502452 0.2891049 0.0579624 0.0516376 0.0531596 0.0504503 0.4934080 0.5001546 0.4961204 0.3558189 0.0279995 0.0000000 0.0324867 0.5042045 1.1850503 
WFM3.1_0    0.0348805 0.0363662 0.0366718 0.0503111 0.0485707 0.0509171 0.0472457 0.0474178 0.0509303 0.0415231 0.0382761 0.0384852 0.4933396 0.4920918 0.4932896 0.3436627 0.0649561 0.0622076 0.4889544 0.4900013 0.4943498 0.0497211 0.0518552 0.0494676 0.4990603 0.4897480 0.4876595 0.4869255 0.4880731 0.4869678 0.4847680 0.0356321 0.0358170 0.0506933 0.0504076 0.0496396 0.2613390 0.2646289 0.4871884 0.4900085 0.0501134 0.0505258 0.0510321 0.0509046 0.0494845 0.2884558 0.0588823 0.0500142 0.0522127 0.0493162 0.4915948 0.4978937 0.4938783 0.3551339 0.0336709 0.0324867 0.0000000 0.5017434 1.1796774 
YL51.1_0    0.5071705 0.5069822 0.5045147 0.5014449 0.4984990 0.5030955 0.5113095 0.5108880 0.5050994 0.5072290 0.5098949 0.5092459 0.1822067 0.1814266 0.1809549 0.6320590 0.5071740 0.5005533 0.1784183 0.1799083 0.1829173 0.5034757 0.5018910 0.5018078 0.0538088 0.1782681 0.1780472 0.1768529 0.1775207 0.1767609 0.1734479 0.5015567 0.5050741 0.5008010 0.5017567 0.5036059 0.5348933 0.5526347 0.1764225 0.1782416 0.5045865 0.5013276 0.5021924 0.4982064 0.4992211 0.6336995 0.5010204 0.5004844 0.5004940 0.4993655 0.1806493 0.0400630 0.0387413 0.6335135 0.5050682 0.5042045 0.5017434 0.0000000 1.1750809 
bic_1_0     1.1910782 1.1930290 1.1820237 1.1746220 1.1711395 1.1803907 1.2009789 1.1974840 1.1879694 1.1896029 1.1951366 1.1946560 1.1623196 1.1618887 1.1579463 1.4960882 1.1907576 1.1795262 1.1559391 1.1584426 1.1676878 1.1799726 1.1783948 1.1773069 1.1732555 1.1551856 1.1531320 1.1527857 1.1525922 1.1525982 1.1444690 1.1833712 1.1879305 1.1748280 1.1777250 1.1796011 1.2947982 1.3089553 1.1494574 1.1540724 1.1823861 1.1799056 1.1817659 1.1712005 1.1721717 1.4575579 1.1811189 1.1762548 1.1740466 1.1731413 1.1612285 1.1696696 1.1605573 1.4924384 1.1857284 1.1850503 1.1796774 1.1750809 0.0000000 
